city,party,leader,tweet,tweet_time
cardiff,,Jo-Swinson,A clip of Jo Swinson failing to understand how to play a video game does not make her anymore relatable.,Mon Nov 18 22:51:32 +0000 2019
cardiff,,Jo-Swinson,The Lib Dems are possibly the most duplicitous political party of our time. Jo Swinson is horrific,Mon Nov 18 22:18:21 +0000 2019
cardiff,,Jo-Swinson,RT @fussydolphin: Jo Swinson’s Record of Shame – Labour Hub https://t.co/v5PDzH6pJx,Mon Nov 18 21:48:29 +0000 2019
cardiff,,Jo-Swinson,RT @MarcusStead: The Lib Dem plan to abolish business rates and create a new tax for the landlord won't help small businesses one bit. The…,Mon Nov 18 20:50:20 +0000 2019
cardiff,,Jo-Swinson,"I, for whatever reason, keep getting letters from the Lib Dems about Jo Swinson too. Fuck sake like. Give me peace.",Mon Nov 18 20:49:02 +0000 2019
cardiff,,Jo-Swinson,RT @syhrtaylor: .@itvnews Campaign Live: ​Jo Swinson pitches Lib Dems as ‘natural party of business' in … https://t.co/vNEsKm4Tr7,Mon Nov 18 18:45:39 +0000 2019
cardiff,,Jo-Swinson,My 19 year old brother has thrown me the biggest shade possible by telling me I remind him of Jo Swinson. Gobshite.,Mon Nov 18 18:44:52 +0000 2019
cardiff,,Jo-Swinson,RT @fussydolphin: Jo Swinson’s Record of Shame – Labour Hub https://t.co/v5PDzH6pJx,Mon Nov 18 16:47:34 +0000 2019
cardiff,,Jo-Swinson,Jo Swinson’s Record of Shame – Labour Hub https://t.co/v5PDzH6pJx,Mon Nov 18 16:44:21 +0000 2019
cardiff,,Jo-Swinson,"The Lib Dems helped wreck my 20s. Young voters, beware | Rhiannon Lucy Cosslett https://t.co/pHDNZJv4QO",Mon Nov 18 16:43:16 +0000 2019
cardiff,,Jo-Swinson,RT @syhrtaylor: .@itvnews Campaign Live: ​Jo Swinson pitches Lib Dems as ‘natural party of business' in … https://t.co/vNEsKm4Tr7,Mon Nov 18 16:41:54 +0000 2019
cardiff,,Jo-Swinson,The Lib Dem plan to abolish business rates and create a new tax for the landlord won't help small businesses one bi… https://t.co/BTAwg392No,Mon Nov 18 16:09:36 +0000 2019
cardiff,,Jo-Swinson,"RT @sionbarry: CBI Conference LIVE: Boris Johnson, Jeremy Corbyn and Jo Swinson talk business https://t.co/npYmg03u1u",Mon Nov 18 16:00:51 +0000 2019
cardiff,,Jo-Swinson,"CBI Conference LIVE: Boris Johnson, Jeremy Corbyn and Jo Swinson talk business https://t.co/npYmg03u1u",Mon Nov 18 15:59:41 +0000 2019
cardiff,,Jo-Swinson,"Look and remember..
#VoteLabour2019

https://t.co/iuTbBGyoq2",Mon Nov 18 15:34:11 +0000 2019
cardiff,,Jo-Swinson,@LibDems Support Jo Swinson,Mon Nov 18 15:18:33 +0000 2019
cardiff,,Jo-Swinson,RT @syhrtaylor: .@itvnews Campaign Live: ​Jo Swinson pitches Lib Dems as ‘natural party of business' in … https://t.co/vNEsKm4Tr7,Mon Nov 18 14:53:22 +0000 2019
cardiff,,Jo-Swinson,.@itvnews Campaign Live: ​Jo Swinson pitches Lib Dems as ‘natural party of business' in … https://t.co/vNEsKm4Tr7,Mon Nov 18 14:48:27 +0000 2019
cardiff,,Jo-Swinson,Now it’s time for Jo Swinson. A polished performance in comparison to the two other leaders. Arguing that the Lib D… https://t.co/AJrQnbHmfn,Mon Nov 18 14:37:50 +0000 2019
cardiff,,Jo-Swinson,"RT @5_mini_Daves: @LuckyHeronSay Jo Swinson voted for this..

https://t.co/Lm4D11rEdy",Mon Nov 18 11:11:40 +0000 2019
cardiff,,Jo-Swinson,"@LuckyHeronSay Jo Swinson voted for this..

https://t.co/Lm4D11rEdy",Mon Nov 18 11:01:53 +0000 2019
cardiff,,Jo-Swinson,Keep Digging #Jo https://t.co/7sz0UQwBQ8,Mon Nov 18 09:47:41 +0000 2019
cardiff,Liberal-Democrats,,Why do remainers favor austerity?General election 2019: Liberal Democrats say government should run permanent spend… https://t.co/R71IUOy8Ss,Mon Nov 18 23:36:06 +0000 2019
cardiff,Liberal-Democrats,,RT @syhrtaylor: Liberal Democrats promise to scrap business rates in favour of levy on land ownership https://t.co/8UiYFfHkQl,Mon Nov 18 23:20:04 +0000 2019
cardiff,Liberal-Democrats,,RT @syhrtaylor: Liberal Democrats promise to scrap business rates in favour of levy on land ownership https://t.co/8UiYFfHkQl,Mon Nov 18 20:51:17 +0000 2019
cardiff,Liberal-Democrats,,RT @syhrtaylor: Liberal Democrats promise to scrap business rates in favour of levy on land ownership https://t.co/8UiYFfHkQl,Mon Nov 18 20:47:10 +0000 2019
cardiff,Liberal-Democrats,,RT @syhrtaylor: Liberal Democrats promise to scrap business rates in favour of levy on land ownership https://t.co/8UiYFfHkQl,Mon Nov 18 20:46:06 +0000 2019
cardiff,Liberal-Democrats,,Liberal Democrats promise to scrap business rates in favour of levy on land ownership https://t.co/8UiYFfHkQl,Mon Nov 18 20:44:15 +0000 2019
cardiff,,Jo-Swinson,A clip of Jo Swinson failing to understand how to play a video game does not make her anymore relatable.,Mon Nov 18 22:51:32 +0000 2019
cardiff,,Jo-Swinson,The Lib Dems are possibly the most duplicitous political party of our time. Jo Swinson is horrific,Mon Nov 18 22:18:21 +0000 2019
cardiff,,Jo-Swinson,RT @fussydolphin: Jo Swinson’s Record of Shame – Labour Hub https://t.co/v5PDzH6pJx,Mon Nov 18 21:48:29 +0000 2019
cardiff,,Jo-Swinson,RT @MarcusStead: The Lib Dem plan to abolish business rates and create a new tax for the landlord won't help small businesses one bit. The…,Mon Nov 18 20:50:20 +0000 2019
cardiff,,Jo-Swinson,"I, for whatever reason, keep getting letters from the Lib Dems about Jo Swinson too. Fuck sake like. Give me peace.",Mon Nov 18 20:49:02 +0000 2019
cardiff,,Jo-Swinson,RT @syhrtaylor: .@itvnews Campaign Live: ​Jo Swinson pitches Lib Dems as ‘natural party of business' in … https://t.co/vNEsKm4Tr7,Mon Nov 18 18:45:39 +0000 2019
cardiff,,Jo-Swinson,My 19 year old brother has thrown me the biggest shade possible by telling me I remind him of Jo Swinson. Gobshite.,Mon Nov 18 18:44:52 +0000 2019
cardiff,,Jo-Swinson,RT @fussydolphin: Jo Swinson’s Record of Shame – Labour Hub https://t.co/v5PDzH6pJx,Mon Nov 18 16:47:34 +0000 2019
cardiff,,Jo-Swinson,Jo Swinson’s Record of Shame – Labour Hub https://t.co/v5PDzH6pJx,Mon Nov 18 16:44:21 +0000 2019
cardiff,,Jo-Swinson,"The Lib Dems helped wreck my 20s. Young voters, beware | Rhiannon Lucy Cosslett https://t.co/pHDNZJv4QO",Mon Nov 18 16:43:16 +0000 2019
cardiff,,Jo-Swinson,RT @syhrtaylor: .@itvnews Campaign Live: ​Jo Swinson pitches Lib Dems as ‘natural party of business' in … https://t.co/vNEsKm4Tr7,Mon Nov 18 16:41:54 +0000 2019
cardiff,,Jo-Swinson,The Lib Dem plan to abolish business rates and create a new tax for the landlord won't help small businesses one bi… https://t.co/BTAwg392No,Mon Nov 18 16:09:36 +0000 2019
cardiff,,Jo-Swinson,"RT @sionbarry: CBI Conference LIVE: Boris Johnson, Jeremy Corbyn and Jo Swinson talk business https://t.co/npYmg03u1u",Mon Nov 18 16:00:51 +0000 2019
cardiff,,Jo-Swinson,"CBI Conference LIVE: Boris Johnson, Jeremy Corbyn and Jo Swinson talk business https://t.co/npYmg03u1u",Mon Nov 18 15:59:41 +0000 2019
cardiff,,Jo-Swinson,"Look and remember..
#VoteLabour2019

https://t.co/iuTbBGyoq2",Mon Nov 18 15:34:11 +0000 2019
cardiff,,Jo-Swinson,@LibDems Support Jo Swinson,Mon Nov 18 15:18:33 +0000 2019
cardiff,,Jo-Swinson,RT @syhrtaylor: .@itvnews Campaign Live: ​Jo Swinson pitches Lib Dems as ‘natural party of business' in … https://t.co/vNEsKm4Tr7,Mon Nov 18 14:53:22 +0000 2019
cardiff,,Jo-Swinson,.@itvnews Campaign Live: ​Jo Swinson pitches Lib Dems as ‘natural party of business' in … https://t.co/vNEsKm4Tr7,Mon Nov 18 14:48:27 +0000 2019
cardiff,,Jo-Swinson,Now it’s time for Jo Swinson. A polished performance in comparison to the two other leaders. Arguing that the Lib D… https://t.co/AJrQnbHmfn,Mon Nov 18 14:37:50 +0000 2019
cardiff,,Jo-Swinson,"RT @5_mini_Daves: @LuckyHeronSay Jo Swinson voted for this..

https://t.co/Lm4D11rEdy",Mon Nov 18 11:11:40 +0000 2019
cardiff,,Jo-Swinson,"@LuckyHeronSay Jo Swinson voted for this..

https://t.co/Lm4D11rEdy",Mon Nov 18 11:01:53 +0000 2019
cardiff,,Jo-Swinson,Keep Digging #Jo https://t.co/7sz0UQwBQ8,Mon Nov 18 09:47:41 +0000 2019
cardiff,,Nigel-Farage,"Making Plans For Nigel Farage 

#AddAWordRuinASong",Mon Nov 18 23:41:30 +0000 2019
cardiff,,Nigel-Farage,@Nigel_Farage How? Please explain.,Mon Nov 18 20:57:08 +0000 2019
cardiff,,Nigel-Farage,@Nigel_Farage A stopped clock is right twice a day I guess,Mon Nov 18 11:51:08 +0000 2019
cardiff,,Nigel-Farage,"I’m convinced day by day that @Nigel_Farage wants to destroy us leaving, couldn’t get Tory’s to stand down, refused… https://t.co/OMk7mkFtxt",Mon Nov 18 01:51:02 +0000 2019
cardiff,,Nigel-Farage,"RT @sirwilcox: Whilst the oppressed people of #Iran fight for their freedom, a little reminder on the position of our terrorist sympathisin…",Mon Nov 18 01:38:16 +0000 2019
cardiff,,Nigel-Farage,"Making Plans For Nigel Farage 

#AddAWordRuinASong",Mon Nov 18 23:41:30 +0000 2019
cardiff,,Nigel-Farage,@Nigel_Farage How? Please explain.,Mon Nov 18 20:57:08 +0000 2019
cardiff,,Nigel-Farage,@Nigel_Farage A stopped clock is right twice a day I guess,Mon Nov 18 11:51:08 +0000 2019
cardiff,,Nigel-Farage,"I’m convinced day by day that @Nigel_Farage wants to destroy us leaving, couldn’t get Tory’s to stand down, refused… https://t.co/OMk7mkFtxt",Mon Nov 18 01:51:02 +0000 2019
cardiff,,Nigel-Farage,"RT @sirwilcox: Whilst the oppressed people of #Iran fight for their freedom, a little reminder on the position of our terrorist sympathisin…",Mon Nov 18 01:38:16 +0000 2019
cardiff,Labour-Party,,"RT @XR_Cardiff: Day one of hungry strike has gone well.

We will start again tomorrow morning

We appreciate the support from our sponsors…",Mon Nov 18 23:49:05 +0000 2019
cardiff,Labour-Party,,"Day one of hungry strike has gone well.

We will start again tomorrow morning

We appreciate the support from our s… https://t.co/J9slA7ryW9",Mon Nov 18 23:37:56 +0000 2019
cardiff,Labour-Party,,"RT @Jaz4Caerphilly: ""Why won't #Remain Party Candidates stand aside for #Leave #Labour"" is the daily whinge I hear from the perpetually clu…",Mon Nov 18 23:19:16 +0000 2019
cardiff,Labour-Party,,RT @WelshBrexit: @AlunDaviesAM @JayneDWales @bethanjenkins And let’s hope you’re another casualty of the GE.  Who are you to call her a rac…,Mon Nov 18 23:12:58 +0000 2019
cardiff,Labour-Party,,@AlanAvm1502 @stiggaroo @PoliticsSense @RemainRevoke @MattHancock The healthcare system that was founded by the Lab… https://t.co/f8ecCgr0jS,Mon Nov 18 23:12:28 +0000 2019
cardiff,Labour-Party,,"RT @Jaz4Caerphilly: ""Why won't #Remain Party Candidates stand aside for #Leave #Labour"" is the daily whinge I hear from the perpetually clu…",Mon Nov 18 23:12:27 +0000 2019
cardiff,Labour-Party,,@AlunDaviesAM @JayneDWales @bethanjenkins And let’s hope you’re another casualty of the GE.  Who are you to call he… https://t.co/b4oR2UL7k8,Mon Nov 18 23:02:32 +0000 2019
cardiff,Labour-Party,,"@filosofical_140 Not my labour party, Ben! (Don't you remember canvassing for Caroline with me in Brighton?) But do… https://t.co/KtkrrsqQh4",Mon Nov 18 22:40:56 +0000 2019
cardiff,Labour-Party,,@EmmadeltHRM @DeborahMeaden Oh dear sorry Em I think Labour is the party of rainbows and unicorns 😬. Hope you are well 👍🏻,Mon Nov 18 22:40:33 +0000 2019
cardiff,Labour-Party,,Your party’s policy is to negotiate a Labour exit deal. Can you say where Labour has offered to stand down for a re… https://t.co/fU9OeLU2U6,Mon Nov 18 22:34:07 +0000 2019
cardiff,Labour-Party,,"RT @Jaz4Caerphilly: ""Why won't #Remain Party Candidates stand aside for #Leave #Labour"" is the daily whinge I hear from the perpetually clu…",Mon Nov 18 22:31:37 +0000 2019
cardiff,Labour-Party,,"RT @Jaz4Caerphilly: ""Why won't #Remain Party Candidates stand aside for #Leave #Labour"" is the daily whinge I hear from the perpetually clu…",Mon Nov 18 22:20:25 +0000 2019
cardiff,Labour-Party,,"RT @Jaz4Caerphilly: ""Why won't #Remain Party Candidates stand aside for #Leave #Labour"" is the daily whinge I hear from the perpetually clu…",Mon Nov 18 22:14:52 +0000 2019
cardiff,Labour-Party,,"RT @PaulMer52: I think the Labour Party actually Hates this Country. 
You first had Blair and Brown and the mob opening our Borders for any…",Mon Nov 18 22:01:24 +0000 2019
cardiff,Labour-Party,,@ChukaUmunna @SamGyimah @LibDems Revoking A51 isn't going to save us from austerity. The EU couldn't save us when i… https://t.co/Ot3g3LTRJS,Mon Nov 18 21:22:24 +0000 2019
cardiff,Labour-Party,,"RT @Jaz4Caerphilly: ""Why won't #Remain Party Candidates stand aside for #Leave #Labour"" is the daily whinge I hear from the perpetually clu…",Mon Nov 18 21:12:11 +0000 2019
cardiff,Labour-Party,,"RT @Jaz4Caerphilly: ""Why won't #Remain Party Candidates stand aside for #Leave #Labour"" is the daily whinge I hear from the perpetually clu…",Mon Nov 18 20:56:01 +0000 2019
cardiff,Labour-Party,,"@MJRowe2 @LpoolEd @ChantelleSeddon @LiarJohnson What PV party?

Labour's a Leave Party whose leader is so gormless… https://t.co/eRey5zHou2",Mon Nov 18 20:02:58 +0000 2019
cardiff,Labour-Party,,"RT @Jaz4Caerphilly: ""Why won't #Remain Party Candidates stand aside for #Leave #Labour"" is the daily whinge I hear from the perpetually clu…",Mon Nov 18 19:59:24 +0000 2019
cardiff,Labour-Party,,"RT @Jaz4Caerphilly: ""Why won't #Remain Party Candidates stand aside for #Leave #Labour"" is the daily whinge I hear from the perpetually clu…",Mon Nov 18 19:53:37 +0000 2019
cardiff,Labour-Party,,Someone’s ordered a Labour Party stake and put it out the front. No one knows who did it. The house group chat is g… https://t.co/cbVX2x5JNW,Mon Nov 18 19:42:18 +0000 2019
cardiff,Labour-Party,,@jeremycorbyn @HackneyAbbott The Labour Party should pay their taxes too 👍👍👍,Mon Nov 18 18:59:13 +0000 2019
cardiff,Labour-Party,,"RT @Jaz4Caerphilly: ""Why won't #Remain Party Candidates stand aside for #Leave #Labour"" is the daily whinge I hear from the perpetually clu…",Mon Nov 18 18:52:20 +0000 2019
cardiff,Labour-Party,,"RT @Jaz4Caerphilly: ""Why won't #Remain Party Candidates stand aside for #Leave #Labour"" is the daily whinge I hear from the perpetually clu…",Mon Nov 18 18:34:22 +0000 2019
cardiff,Labour-Party,,"RT @Jaz4Caerphilly: ""Why won't #Remain Party Candidates stand aside for #Leave #Labour"" is the daily whinge I hear from the perpetually clu…",Mon Nov 18 18:29:50 +0000 2019
cardiff,Labour-Party,,"RT @Jaz4Caerphilly: ""Why won't #Remain Party Candidates stand aside for #Leave #Labour"" is the daily whinge I hear from the perpetually clu…",Mon Nov 18 17:50:07 +0000 2019
cardiff,Labour-Party,,@FrancesNaggs @MrsNickyClark Non entity! Hahah what a load of ahistorical nonsense. The Labour Party didn't begin in 2015.,Mon Nov 18 17:48:57 +0000 2019
cardiff,Labour-Party,,RT @portraitinflesh: Schrödinger's Labour party: it's either radical or modest depending on who the audience is. https://t.co/CHhspn6js2,Mon Nov 18 17:45:50 +0000 2019
cardiff,Labour-Party,,Schrödinger's Labour party: it's either radical or modest depending on who the audience is. https://t.co/CHhspn6js2,Mon Nov 18 17:44:57 +0000 2019
cardiff,Labour-Party,,RT @steviedubyu: @cardiffuni @BBCr4today @JustinOnWeb @Marthakearney Today's chosen news agenda will have affected the balance of these bia…,Mon Nov 18 16:58:30 +0000 2019
cardiff,Labour-Party,,RT @steviedubyu: @cardiffuni @BBCr4today @JustinOnWeb @Marthakearney Today's chosen news agenda will have affected the balance of these bia…,Mon Nov 18 16:56:10 +0000 2019
cardiff,Labour-Party,,"RT @Jaz4Caerphilly: ""Why won't #Remain Party Candidates stand aside for #Leave #Labour"" is the daily whinge I hear from the perpetually clu…",Mon Nov 18 16:45:19 +0000 2019
cardiff,Labour-Party,,RT @steviedubyu: @cardiffuni @BBCr4today @JustinOnWeb @Marthakearney Today's chosen news agenda will have affected the balance of these bia…,Mon Nov 18 16:45:13 +0000 2019
cardiff,Labour-Party,,@HackneyAbbott And labour are the Anti-Native party,Mon Nov 18 16:29:21 +0000 2019
cardiff,,Boris-Johnson,"Boris Johnson - Built a career on lying profusely, he had a medical condition which prevented him from telling the… https://t.co/KxbTDDpbrh",Mon Nov 18 23:54:48 +0000 2019
cardiff,,Boris-Johnson,"RT @NewsatTwm: ""No senior British politician lies like Boris Johnson. Some are little others but others are big - but the media fails to ca…",Mon Nov 18 23:35:17 +0000 2019
cardiff,,Boris-Johnson,@IanDunt This election is not about BREXIT. It's about wiping out the BREXIT party and getting back to a 2 party sy… https://t.co/1yfr7iy21F,Mon Nov 18 22:50:11 +0000 2019
cardiff,,Boris-Johnson,"RT @NewsatTwm: ""No senior British politician lies like Boris Johnson. Some are little others but others are big - but the media fails to ca…",Mon Nov 18 22:37:24 +0000 2019
cardiff,,Boris-Johnson,"RT @NewsatTwm: ""No senior British politician lies like Boris Johnson. Some are little others but others are big - but the media fails to ca…",Mon Nov 18 22:35:12 +0000 2019
cardiff,,Boris-Johnson,"""No senior British politician lies like Boris Johnson. Some are little others but others are big - but the media fa… https://t.co/esQtml3QMk",Mon Nov 18 22:32:48 +0000 2019
cardiff,,Boris-Johnson,"The lies, falsehoods and misrepresentations of Boris Johnson and his government. https://t.co/Uk7SjxtofW",Mon Nov 18 22:32:41 +0000 2019
cardiff,,Boris-Johnson,@M600aelSmith @LeftieK13 @jeremycorbyn I agree; Boris Johnson is atrocious,Mon Nov 18 22:23:52 +0000 2019
cardiff,,Boris-Johnson,RT @jjohnjewell: It’s not just Boris Johnson’s lying. It’s that the media let him get away with it | Peter Oborne https://t.co/K56Qt9sc6Y,Mon Nov 18 21:59:54 +0000 2019
cardiff,,Boris-Johnson,It’s not just Boris Johnson’s lying. It’s that the media let him get away with it | Peter Oborne https://t.co/K56Qt9sc6Y,Mon Nov 18 21:58:21 +0000 2019
cardiff,,Boris-Johnson,@A_D62 @LuckyHeronSay @jeremycorbyn https://t.co/9FaQRQUWIs,Mon Nov 18 20:09:38 +0000 2019
cardiff,,Boris-Johnson,https://t.co/9FaQRQUWIs,Mon Nov 18 20:08:59 +0000 2019
cardiff,,Boris-Johnson,RT @cenricce: It’s not just Boris Johnson’s lying. It’s that the media let him get away with it | Peter Oborne https://t.co/2xyPA7NRfQ,Mon Nov 18 20:02:41 +0000 2019
cardiff,,Boris-Johnson,It’s not just Boris Johnson’s lying. It’s that the media let him get away with it | Peter Oborne https://t.co/2xyPA7NRfQ,Mon Nov 18 19:49:00 +0000 2019
cardiff,,Boris-Johnson,Boris Johnson goes to the CBI to tell bosses he won't be cutting corporation tax from 19% to 17%. Anyone want to te… https://t.co/78J7wqO9of,Mon Nov 18 19:17:28 +0000 2019
cardiff,,Boris-Johnson,YoU cAnT TrUsT BoRiS JoHnSoN https://t.co/V5VcAl6u69,Mon Nov 18 18:47:30 +0000 2019
cardiff,,Boris-Johnson,"RT @northernsoul78: Nancy Pelosi: Donald Trump committed bribery 

Boris Johnson: Hold my claret!

- Tories accused of bribing Brexit Party…",Mon Nov 18 18:10:29 +0000 2019
cardiff,,Boris-Johnson,People who vote for Jeremy Corbyn's Labour are bigger fools than people who vote for Boris Johnson's Conservative.,Mon Nov 18 17:34:20 +0000 2019
cardiff,,Boris-Johnson,"Yes, this: https://t.co/ryybYtNIrJ",Mon Nov 18 16:36:04 +0000 2019
cardiff,,Boris-Johnson,RT @obtownsend: So how does the policy power structure work within #CBI? Can the President overrule concerns of membership shared by their…,Mon Nov 18 16:30:30 +0000 2019
cardiff,,Boris-Johnson,RT @fussydolphin: CBI chief's helpful whisper in Boris Johnson's ear at general election speech https://t.co/b0rynuc0FQ,Mon Nov 18 16:27:24 +0000 2019
cardiff,,Boris-Johnson,"@paulmasonnews @AaronBastani @Nataliefleet Oh no but Paul can call anyone he likes racist, far right, nazi, trumpia… https://t.co/7tsXvZEf3t",Mon Nov 18 16:26:49 +0000 2019
cardiff,,Boris-Johnson,CBI chief's helpful whisper in Boris Johnson's ear at general election speech https://t.co/b0rynuc0FQ,Mon Nov 18 16:22:47 +0000 2019
cardiff,,Boris-Johnson,"@geraintiwan Hwn:

""Boris Johnson has announced plans for 60 new youth centres.

Since 2010, the Tories have closed… https://t.co/zcuTTHpM0l",Mon Nov 18 16:06:59 +0000 2019
cardiff,,Boris-Johnson,"RT @sionbarry: CBI Conference LIVE: Boris Johnson, Jeremy Corbyn and Jo Swinson talk business https://t.co/npYmg03u1u",Mon Nov 18 16:00:51 +0000 2019
cardiff,,Boris-Johnson,"CBI Conference LIVE: Boris Johnson, Jeremy Corbyn and Jo Swinson talk business https://t.co/npYmg03u1u",Mon Nov 18 15:59:41 +0000 2019
cardiff,,Boris-Johnson,This is damming. He just stands there. Disgusting words and rhetoric in this video. Imagine the outrage if Boris Jo… https://t.co/lYIWBx07vr,Mon Nov 18 15:53:52 +0000 2019
cardiff,,Boris-Johnson,RT @obtownsend: So how does the policy power structure work within #CBI? Can the President overrule concerns of membership shared by their…,Mon Nov 18 15:33:37 +0000 2019
cardiff,,Boris-Johnson,So how does the policy power structure work within #CBI? Can the President overrule concerns of membership shared b… https://t.co/TLKEjapMLa,Mon Nov 18 15:27:09 +0000 2019
cardiff,,Boris-Johnson,"RT @VFcomms: @Allison_Ivy79 @amanda_pompili @StrangeAttract5 I would push Boris Johnson into a canal, and stand on his head.",Mon Nov 18 14:59:42 +0000 2019
cardiff,,Boris-Johnson,"@Allison_Ivy79 @amanda_pompili @StrangeAttract5 I would push Boris Johnson into a canal, and stand on his head.",Mon Nov 18 14:53:25 +0000 2019
cardiff,,Boris-Johnson,Even if you prefer tory policies please dont contribute to boris johnson leading our fucking country 😂,Mon Nov 18 14:30:04 +0000 2019
cardiff,,Boris-Johnson,Boris Johnson rose to power by threatening to smack the Joker over the head with a newspaper while being told to pu… https://t.co/ichDoqa3kS,Mon Nov 18 14:04:37 +0000 2019
cardiff,,Boris-Johnson,"@BorisJohnson Boris johnson
✔under police investigation
✔under police investigation
✔under police investigation
✔under police investigation",Mon Nov 18 13:23:13 +0000 2019
cardiff,,Boris-Johnson,Jennifer Arcuri turns on Boris Johnson and warns she has been 'keeping his secrets’ https://t.co/JJzAlkd7cM,Mon Nov 18 12:22:26 +0000 2019
cardiff,,Boris-Johnson,Jennifer Arcuri: Boris Johnson should 'man up and call me' https://t.co/3NLLaZL3Rb,Mon Nov 18 12:20:15 +0000 2019
cardiff,,Boris-Johnson,Jennifer Arcuri: Boris Johnson should 'acknowledge the destruction I've endured' | Politics News | Sky News https://t.co/JfNRPHQhH3,Mon Nov 18 12:17:32 +0000 2019
cardiff,,Boris-Johnson,"Quite willing to believe Boris Johnson is up to his neck in Russian sleaze, but we're going to need a better source… https://t.co/2jchNTnC95",Mon Nov 18 11:05:43 +0000 2019
cardiff,,Boris-Johnson,"RT @northernsoul78: Nancy Pelosi: Donald Trump committed bribery 

Boris Johnson: Hold my claret!

- Tories accused of bribing Brexit Party…",Mon Nov 18 11:01:16 +0000 2019
cardiff,,Boris-Johnson,"Boris Johnson Set to Woo Business with Tax Cuts and End Brexit ""Uncertainty"" Ahead of December Poll… https://t.co/UU6wwVvUHl",Mon Nov 18 10:32:33 +0000 2019
cardiff,,Boris-Johnson,"RT @fussydolphin: Confirmed: Boris Johnson met ex-KGB agent at party, days after Nato summit on Russia | Vox Political https://t.co/4SOiXkn…",Mon Nov 18 10:09:18 +0000 2019
cardiff,,Boris-Johnson,"Can Boris get away with murder to me hes as guilty as Andrew What must his children think !!!
Jennifer Arcuri blast… https://t.co/OCwX8eMOps",Mon Nov 18 10:06:52 +0000 2019
cardiff,,Boris-Johnson,"RT @fussydolphin: Confirmed: Boris Johnson met ex-KGB agent at party, days after Nato summit on Russia | Vox Political https://t.co/4SOiXkn…",Mon Nov 18 10:01:47 +0000 2019
cardiff,,Boris-Johnson,"RT @fussydolphin: Confirmed: Boris Johnson met ex-KGB agent at party, days after Nato summit on Russia | Vox Political https://t.co/4SOiXkn…",Mon Nov 18 10:00:20 +0000 2019
cardiff,,Boris-Johnson,"What must his children think of him If he was my dad I would disown him !! Shameful behaviour @BorisJohnson
Johnson… https://t.co/dQCOUtK1uq",Mon Nov 18 09:58:47 +0000 2019
cardiff,,Boris-Johnson,"Confirmed: Boris Johnson met ex-KGB agent at party, days after Nato summit on Russia | Vox Political https://t.co/4SOiXknw8M",Mon Nov 18 09:57:31 +0000 2019
cardiff,,Boris-Johnson,"RT @MrTrueVoice: Prime minister’s 🇬🇧relationship investigation with the US businesswoman 🇺🇸
@MrTrueVoice #boris  
https://t.co/MtLMvxRYvg",Mon Nov 18 09:27:14 +0000 2019
cardiff,,Boris-Johnson,"Prime minister’s 🇬🇧relationship investigation with the US businesswoman 🇺🇸
@MrTrueVoice #boris  
https://t.co/MtLMvxRYvg",Mon Nov 18 08:40:24 +0000 2019
cardiff,,Boris-Johnson,"RT @drpaulmorgan: Oops! Looks like @BorisJohnson has got this Brexit malarkey totally wrong. If @CBItweets don’t want Brexit, then think ab…",Mon Nov 18 08:39:37 +0000 2019
cardiff,,Boris-Johnson,"However....

Whilst we are still in the EU - we will still be bound by their insane laws.

So don't hold your breat… https://t.co/gXc7rFgnfM",Mon Nov 18 08:12:06 +0000 2019
cardiff,,Boris-Johnson,"Oops! Looks like @BorisJohnson has got this Brexit malarkey totally wrong. If @CBItweets don’t want Brexit, then th… https://t.co/HjpgJp3Kls",Mon Nov 18 07:44:39 +0000 2019
cardiff,,Boris-Johnson,"RT @northernsoul78: Nancy Pelosi: Donald Trump committed bribery 

Boris Johnson: Hold my claret!

- Tories accused of bribing Brexit Party…",Mon Nov 18 07:28:54 +0000 2019
cardiff,,Boris-Johnson,"Johnson-Arcuri investigation to review affair with another woman https://t.co/NzJ41K87DF
@borisjohnson has question… https://t.co/kNu4HiF9zv",Mon Nov 18 07:28:18 +0000 2019
cardiff,,Boris-Johnson,"RT @northernsoul78: Nancy Pelosi: Donald Trump committed bribery 

Boris Johnson: Hold my claret!

- Tories accused of bribing Brexit Party…",Mon Nov 18 07:22:25 +0000 2019
cardiff,,Boris-Johnson,@JimMFelton Why aren’t the BBC being just as on the case with our current prime minister?? And interviewing him abo… https://t.co/rMHS10sA3M,Mon Nov 18 01:07:28 +0000 2019
cardiff,Liberal-Democrats,,Why do remainers favor austerity?General election 2019: Liberal Democrats say government should run permanent spend… https://t.co/R71IUOy8Ss,Mon Nov 18 23:36:06 +0000 2019
cardiff,Liberal-Democrats,,RT @syhrtaylor: Liberal Democrats promise to scrap business rates in favour of levy on land ownership https://t.co/8UiYFfHkQl,Mon Nov 18 23:20:04 +0000 2019
cardiff,Liberal-Democrats,,RT @syhrtaylor: Liberal Democrats promise to scrap business rates in favour of levy on land ownership https://t.co/8UiYFfHkQl,Mon Nov 18 20:51:17 +0000 2019
cardiff,Liberal-Democrats,,RT @syhrtaylor: Liberal Democrats promise to scrap business rates in favour of levy on land ownership https://t.co/8UiYFfHkQl,Mon Nov 18 20:47:10 +0000 2019
cardiff,Liberal-Democrats,,RT @syhrtaylor: Liberal Democrats promise to scrap business rates in favour of levy on land ownership https://t.co/8UiYFfHkQl,Mon Nov 18 20:46:06 +0000 2019
cardiff,Liberal-Democrats,,Liberal Democrats promise to scrap business rates in favour of levy on land ownership https://t.co/8UiYFfHkQl,Mon Nov 18 20:44:15 +0000 2019
cardiff,Brexit-Party,,@IanDunt This election is not about BREXIT. It's about wiping out the BREXIT party and getting back to a 2 party sy… https://t.co/1yfr7iy21F,Mon Nov 18 22:50:11 +0000 2019
cardiff,Brexit-Party,,"RT @hoppy1962: @BXPDiary Not everyone Karen.  
I’m brexit party member and will vote Brexit party   
So fed up with the false promises and…",Mon Nov 18 22:25:29 +0000 2019
cardiff,Brexit-Party,,@Ernie_Beckett @tesssummers98 The SNP being the party that the plurality of Scotland voted for as it’s the only par… https://t.co/TXs3CUFKdH,Mon Nov 18 22:18:42 +0000 2019
cardiff,Brexit-Party,,Happy to see the support the Brexit Party is getting in Wales. The poll done by Cardiff University seems quite prom… https://t.co/AwlJsTYkzI,Mon Nov 18 21:45:36 +0000 2019
cardiff,Brexit-Party,,"@MJRowe2 @LpoolEd @ChantelleSeddon @LiarJohnson What PV party?

Labour's a Leave Party whose leader is so gormless… https://t.co/eRey5zHou2",Mon Nov 18 20:02:58 +0000 2019
cardiff,Brexit-Party,,"RT @northernsoul78: Nancy Pelosi: Donald Trump committed bribery 

Boris Johnson: Hold my claret!

- Tories accused of bribing Brexit Party…",Mon Nov 18 18:10:29 +0000 2019
cardiff,Brexit-Party,,#bbcyourquestions Are the Brexit Party now just an offshoot of the Conservative? What is the point of the Brexit Party?,Mon Nov 18 17:38:51 +0000 2019
cardiff,Brexit-Party,,@intrepidbeats @WelshConserv @DavidTCDavies They are the only party who will deliver Brexit because the other parti… https://t.co/0udTpGXKga,Mon Nov 18 17:14:12 +0000 2019
cardiff,Brexit-Party,,RT @steviedubyu: @cardiffuni @BBCr4today @JustinOnWeb @Marthakearney Today's chosen news agenda will have affected the balance of these bia…,Mon Nov 18 16:58:30 +0000 2019
cardiff,Brexit-Party,,RT @steviedubyu: @cardiffuni @BBCr4today @JustinOnWeb @Marthakearney Today's chosen news agenda will have affected the balance of these bia…,Mon Nov 18 16:56:10 +0000 2019
cardiff,Brexit-Party,,Brexit Party candidate declares ‘war’ on LGBT+ community and wants to turn ‘Christ-rejecting creatures’ into shoes… https://t.co/YLvtZNy16o,Mon Nov 18 16:56:03 +0000 2019
cardiff,Brexit-Party,,"@Timothy__House @SkyNewsBreak So because you want to stop Brexit, the high court should make sure that ITV invite a… https://t.co/C4zFBRbJvF",Mon Nov 18 16:47:48 +0000 2019
cardiff,Brexit-Party,,RT @steviedubyu: @cardiffuni @BBCr4today @JustinOnWeb @Marthakearney Today's chosen news agenda will have affected the balance of these bia…,Mon Nov 18 16:45:13 +0000 2019
cardiff,Brexit-Party,,"RT @hoppy1962: @BXPDiary Not everyone Karen.  
I’m brexit party member and will vote Brexit party   
So fed up with the false promises and…",Mon Nov 18 16:10:27 +0000 2019
cardiff,Brexit-Party,,"@BXPDiary Not everyone Karen.  
I’m brexit party member and will vote Brexit party   
So fed up with the false prom… https://t.co/a6u4oaCmF4",Mon Nov 18 16:07:29 +0000 2019
cardiff,Brexit-Party,,@roger_scully We know that the Brexit Party vote has already started to collapse across the UK - so when we get the… https://t.co/y32lRoOVuh,Mon Nov 18 15:49:27 +0000 2019
cardiff,Brexit-Party,,@roger_scully It's also very interesting looking at the rise and fall of the UKIP vote - who benefitted from it las… https://t.co/NnpBkYDoVE,Mon Nov 18 15:48:08 +0000 2019
cardiff,Brexit-Party,,"RT @Smith_SM30: So the Brexit Party candidate for Cardiff Central wants to build a ""dalek city themepark"" and a ""noticeable skyscraper"".....",Mon Nov 18 15:38:57 +0000 2019
cardiff,Brexit-Party,,@JamesCleverly But you support a hard brexit so don’t pretend you’re the party of strong economics.  That boat has sailed.,Mon Nov 18 13:48:07 +0000 2019
cardiff,Brexit-Party,,"RT @SuzanneFrancesS: @HHepplewhite Plaid Cymru are so popular in Wales, that in the 2017 ‘Brexit General Election’ Plaid candidates lost th…",Mon Nov 18 13:37:27 +0000 2019
cardiff,Brexit-Party,,"@GrumpyOldLab @KingBobIIV The Brexit party, so that won't be the Tories.",Mon Nov 18 13:20:27 +0000 2019
cardiff,Brexit-Party,,@joswinson @LibDems Why does it matter what he personally thinks? The party are clear they’d provide a referendum.… https://t.co/NHxh1mqMx5,Mon Nov 18 13:15:44 +0000 2019
cardiff,Brexit-Party,,@darkfarces I see no reason to believe the Conservatives. The party as a whole has done its utmost for 3.5 years to… https://t.co/Ir95TM7U1n,Mon Nov 18 11:52:36 +0000 2019
cardiff,Brexit-Party,,"@missma678 wants, they will be whipped to support the major plank of the manifesto they stood on - a Labour Brexit… https://t.co/8Y65eU3qbV",Mon Nov 18 11:44:20 +0000 2019
cardiff,Brexit-Party,,"RT @northernsoul78: Nancy Pelosi: Donald Trump committed bribery 

Boris Johnson: Hold my claret!

- Tories accused of bribing Brexit Party…",Mon Nov 18 11:01:16 +0000 2019
cardiff,Brexit-Party,,@davidschneider Tried to bribe the Brexit Party...,Mon Nov 18 08:40:37 +0000 2019
cardiff,Brexit-Party,,RT @DafyddTrystan: @ITVWales @adrianmasters84 Seens rather odd to include Brexit Party but not Greens - both @Amelia_Womack and @as_penarth…,Mon Nov 18 08:33:15 +0000 2019
cardiff,Brexit-Party,,"RT @northernsoul78: Nancy Pelosi: Donald Trump committed bribery 

Boris Johnson: Hold my claret!

- Tories accused of bribing Brexit Party…",Mon Nov 18 07:28:54 +0000 2019
cardiff,Brexit-Party,,"Yes 👍

My own sentiments on Corbyn are immaterial. His Party's position, Labour's position, on Brexit is the just o… https://t.co/jPjZhH7qG8",Mon Nov 18 07:23:44 +0000 2019
cardiff,Brexit-Party,,"RT @northernsoul78: Nancy Pelosi: Donald Trump committed bribery 

Boris Johnson: Hold my claret!

- Tories accused of bribing Brexit Party…",Mon Nov 18 07:22:25 +0000 2019
cardiff,Brexit-Party,,RT @joseph_carterUK: Labour fell apart tonight and @DoddsJane was on fire. It’s clear that the Tories and Brexit party are one of the same…,Mon Nov 18 07:08:53 +0000 2019
cardiff,Brexit-Party,,RT @DafyddTrystan: @ITVWales @adrianmasters84 Seens rather odd to include Brexit Party but not Greens - both @Amelia_Womack and @as_penarth…,Mon Nov 18 06:55:32 +0000 2019
cardiff,Brexit-Party,,"Something profound is happening in Labour’s heartlands. Support for the party has halved in 2019 alone, but polls s… https://t.co/HF1O1EkQvI",Mon Nov 18 06:38:39 +0000 2019
cardiff,Brexit-Party,,"@missma678 But Labour is a Leave party--

--with enough rebel Labour MPs in relatively safe seats to get a Tory… https://t.co/yMow4MyfOi",Mon Nov 18 02:07:12 +0000 2019
cardiff,Brexit-Party,,#BBN - Breaking Brexit News https://t.co/LNBicrwHFV,Mon Nov 18 01:48:16 +0000 2019
cardiff,Brexit-Party,,"RT @Jaz4Caerphilly: #ITVWalesDebate

Not covering the Brexit Party contribution

It's content didn't seem appropriate for a Sunday

Or a Sa…",Mon Nov 18 00:01:53 +0000 2019
cardiff,Liberal-Democrats,,Why do remainers favor austerity?General election 2019: Liberal Democrats say government should run permanent spend… https://t.co/R71IUOy8Ss,Mon Nov 18 23:36:06 +0000 2019
cardiff,Liberal-Democrats,,RT @syhrtaylor: Liberal Democrats promise to scrap business rates in favour of levy on land ownership https://t.co/8UiYFfHkQl,Mon Nov 18 23:20:04 +0000 2019
cardiff,Liberal-Democrats,,RT @syhrtaylor: Liberal Democrats promise to scrap business rates in favour of levy on land ownership https://t.co/8UiYFfHkQl,Mon Nov 18 20:51:17 +0000 2019
cardiff,Liberal-Democrats,,RT @syhrtaylor: Liberal Democrats promise to scrap business rates in favour of levy on land ownership https://t.co/8UiYFfHkQl,Mon Nov 18 20:47:10 +0000 2019
cardiff,Liberal-Democrats,,RT @syhrtaylor: Liberal Democrats promise to scrap business rates in favour of levy on land ownership https://t.co/8UiYFfHkQl,Mon Nov 18 20:46:06 +0000 2019
cardiff,Liberal-Democrats,,Liberal Democrats promise to scrap business rates in favour of levy on land ownership https://t.co/8UiYFfHkQl,Mon Nov 18 20:44:15 +0000 2019
cardiff,Labour-Party,,"RT @XR_Cardiff: Day one of hungry strike has gone well.

We will start again tomorrow morning

We appreciate the support from our sponsors…",Mon Nov 18 23:49:05 +0000 2019
cardiff,Labour-Party,,"Day one of hungry strike has gone well.

We will start again tomorrow morning

We appreciate the support from our s… https://t.co/J9slA7ryW9",Mon Nov 18 23:37:56 +0000 2019
cardiff,Labour-Party,,"RT @Jaz4Caerphilly: ""Why won't #Remain Party Candidates stand aside for #Leave #Labour"" is the daily whinge I hear from the perpetually clu…",Mon Nov 18 23:19:16 +0000 2019
cardiff,Labour-Party,,RT @WelshBrexit: @AlunDaviesAM @JayneDWales @bethanjenkins And let’s hope you’re another casualty of the GE.  Who are you to call her a rac…,Mon Nov 18 23:12:58 +0000 2019
cardiff,Labour-Party,,@AlanAvm1502 @stiggaroo @PoliticsSense @RemainRevoke @MattHancock The healthcare system that was founded by the Lab… https://t.co/f8ecCgr0jS,Mon Nov 18 23:12:28 +0000 2019
cardiff,Labour-Party,,"RT @Jaz4Caerphilly: ""Why won't #Remain Party Candidates stand aside for #Leave #Labour"" is the daily whinge I hear from the perpetually clu…",Mon Nov 18 23:12:27 +0000 2019
cardiff,Labour-Party,,@AlunDaviesAM @JayneDWales @bethanjenkins And let’s hope you’re another casualty of the GE.  Who are you to call he… https://t.co/b4oR2UL7k8,Mon Nov 18 23:02:32 +0000 2019
cardiff,Labour-Party,,"@filosofical_140 Not my labour party, Ben! (Don't you remember canvassing for Caroline with me in Brighton?) But do… https://t.co/KtkrrsqQh4",Mon Nov 18 22:40:56 +0000 2019
cardiff,Labour-Party,,@EmmadeltHRM @DeborahMeaden Oh dear sorry Em I think Labour is the party of rainbows and unicorns 😬. Hope you are well 👍🏻,Mon Nov 18 22:40:33 +0000 2019
cardiff,Labour-Party,,Your party’s policy is to negotiate a Labour exit deal. Can you say where Labour has offered to stand down for a re… https://t.co/fU9OeLU2U6,Mon Nov 18 22:34:07 +0000 2019
cardiff,Labour-Party,,"RT @Jaz4Caerphilly: ""Why won't #Remain Party Candidates stand aside for #Leave #Labour"" is the daily whinge I hear from the perpetually clu…",Mon Nov 18 22:31:37 +0000 2019
cardiff,Labour-Party,,"RT @Jaz4Caerphilly: ""Why won't #Remain Party Candidates stand aside for #Leave #Labour"" is the daily whinge I hear from the perpetually clu…",Mon Nov 18 22:20:25 +0000 2019
cardiff,Labour-Party,,"RT @Jaz4Caerphilly: ""Why won't #Remain Party Candidates stand aside for #Leave #Labour"" is the daily whinge I hear from the perpetually clu…",Mon Nov 18 22:14:52 +0000 2019
cardiff,Labour-Party,,"RT @PaulMer52: I think the Labour Party actually Hates this Country. 
You first had Blair and Brown and the mob opening our Borders for any…",Mon Nov 18 22:01:24 +0000 2019
cardiff,Labour-Party,,@ChukaUmunna @SamGyimah @LibDems Revoking A51 isn't going to save us from austerity. The EU couldn't save us when i… https://t.co/Ot3g3LTRJS,Mon Nov 18 21:22:24 +0000 2019
cardiff,Labour-Party,,"RT @Jaz4Caerphilly: ""Why won't #Remain Party Candidates stand aside for #Leave #Labour"" is the daily whinge I hear from the perpetually clu…",Mon Nov 18 21:12:11 +0000 2019
cardiff,Labour-Party,,"RT @Jaz4Caerphilly: ""Why won't #Remain Party Candidates stand aside for #Leave #Labour"" is the daily whinge I hear from the perpetually clu…",Mon Nov 18 20:56:01 +0000 2019
cardiff,Labour-Party,,"@MJRowe2 @LpoolEd @ChantelleSeddon @LiarJohnson What PV party?

Labour's a Leave Party whose leader is so gormless… https://t.co/eRey5zHou2",Mon Nov 18 20:02:58 +0000 2019
cardiff,Labour-Party,,"RT @Jaz4Caerphilly: ""Why won't #Remain Party Candidates stand aside for #Leave #Labour"" is the daily whinge I hear from the perpetually clu…",Mon Nov 18 19:59:24 +0000 2019
cardiff,Labour-Party,,"RT @Jaz4Caerphilly: ""Why won't #Remain Party Candidates stand aside for #Leave #Labour"" is the daily whinge I hear from the perpetually clu…",Mon Nov 18 19:53:37 +0000 2019
cardiff,Labour-Party,,Someone’s ordered a Labour Party stake and put it out the front. No one knows who did it. The house group chat is g… https://t.co/cbVX2x5JNW,Mon Nov 18 19:42:18 +0000 2019
cardiff,Labour-Party,,@jeremycorbyn @HackneyAbbott The Labour Party should pay their taxes too 👍👍👍,Mon Nov 18 18:59:13 +0000 2019
cardiff,Labour-Party,,"RT @Jaz4Caerphilly: ""Why won't #Remain Party Candidates stand aside for #Leave #Labour"" is the daily whinge I hear from the perpetually clu…",Mon Nov 18 18:52:20 +0000 2019
cardiff,Labour-Party,,"RT @Jaz4Caerphilly: ""Why won't #Remain Party Candidates stand aside for #Leave #Labour"" is the daily whinge I hear from the perpetually clu…",Mon Nov 18 18:34:22 +0000 2019
cardiff,Labour-Party,,"RT @Jaz4Caerphilly: ""Why won't #Remain Party Candidates stand aside for #Leave #Labour"" is the daily whinge I hear from the perpetually clu…",Mon Nov 18 18:29:50 +0000 2019
cardiff,Labour-Party,,"RT @Jaz4Caerphilly: ""Why won't #Remain Party Candidates stand aside for #Leave #Labour"" is the daily whinge I hear from the perpetually clu…",Mon Nov 18 17:50:07 +0000 2019
cardiff,Labour-Party,,@FrancesNaggs @MrsNickyClark Non entity! Hahah what a load of ahistorical nonsense. The Labour Party didn't begin in 2015.,Mon Nov 18 17:48:57 +0000 2019
cardiff,Labour-Party,,RT @portraitinflesh: Schrödinger's Labour party: it's either radical or modest depending on who the audience is. https://t.co/CHhspn6js2,Mon Nov 18 17:45:50 +0000 2019
cardiff,Labour-Party,,Schrödinger's Labour party: it's either radical or modest depending on who the audience is. https://t.co/CHhspn6js2,Mon Nov 18 17:44:57 +0000 2019
cardiff,Labour-Party,,RT @steviedubyu: @cardiffuni @BBCr4today @JustinOnWeb @Marthakearney Today's chosen news agenda will have affected the balance of these bia…,Mon Nov 18 16:58:30 +0000 2019
cardiff,Labour-Party,,RT @steviedubyu: @cardiffuni @BBCr4today @JustinOnWeb @Marthakearney Today's chosen news agenda will have affected the balance of these bia…,Mon Nov 18 16:56:10 +0000 2019
cardiff,Labour-Party,,"RT @Jaz4Caerphilly: ""Why won't #Remain Party Candidates stand aside for #Leave #Labour"" is the daily whinge I hear from the perpetually clu…",Mon Nov 18 16:45:19 +0000 2019
cardiff,Labour-Party,,RT @steviedubyu: @cardiffuni @BBCr4today @JustinOnWeb @Marthakearney Today's chosen news agenda will have affected the balance of these bia…,Mon Nov 18 16:45:13 +0000 2019
cardiff,Labour-Party,,@HackneyAbbott And labour are the Anti-Native party,Mon Nov 18 16:29:21 +0000 2019
cardiff,Labour-Party,,"RT @Jaz4Caerphilly: ""Why won't #Remain Party Candidates stand aside for #Leave #Labour"" is the daily whinge I hear from the perpetually clu…",Mon Nov 18 16:13:56 +0000 2019
cardiff,Labour-Party,,@roger_scully We know that the Brexit Party vote has already started to collapse across the UK - so when we get the… https://t.co/y32lRoOVuh,Mon Nov 18 15:49:27 +0000 2019
cardiff,Labour-Party,,"RT @Jaz4Caerphilly: ""Why won't #Remain Party Candidates stand aside for #Leave #Labour"" is the daily whinge I hear from the perpetually clu…",Mon Nov 18 15:49:11 +0000 2019
cardiff,Labour-Party,,@roger_scully It's also very interesting looking at the rise and fall of the UKIP vote - who benefitted from it las… https://t.co/NnpBkYDoVE,Mon Nov 18 15:48:08 +0000 2019
cardiff,Labour-Party,,"RT @PaulMer52: I think the Labour Party actually Hates this Country. 
You first had Blair and Brown and the mob opening our Borders for any…",Mon Nov 18 15:35:56 +0000 2019
cardiff,Labour-Party,,"OK can all parties refine the selection process, it's getting silly. Sure, Labour have had far more instances of do… https://t.co/Uc9lLCUvbN",Mon Nov 18 15:16:04 +0000 2019
cardiff,Labour-Party,,"RT @Jaz4Caerphilly: ""Why won't #Remain Party Candidates stand aside for #Leave #Labour"" is the daily whinge I hear from the perpetually clu…",Mon Nov 18 14:53:33 +0000 2019
cardiff,Labour-Party,,"RT @Jaz4Caerphilly: ""Why won't #Remain Party Candidates stand aside for #Leave #Labour"" is the daily whinge I hear from the perpetually clu…",Mon Nov 18 14:22:54 +0000 2019
cardiff,Labour-Party,,"RT @Jaz4Caerphilly: ""Why won't #Remain Party Candidates stand aside for #Leave #Labour"" is the daily whinge I hear from the perpetually clu…",Mon Nov 18 13:30:59 +0000 2019
cardiff,Labour-Party,,@simonlloyd100 @AnnaMcMorrin @UKLabour I am assuming that you agree with my general philosophy that racism in all f… https://t.co/xv0mqIM9R5,Mon Nov 18 13:30:45 +0000 2019
cardiff,Labour-Party,,RT @leapinspeak: @SkyNews @jeremycorbyn Corbyn didn't answer the questions put to him about his racism and antisemitism and that of his par…,Mon Nov 18 13:27:32 +0000 2019
cardiff,Labour-Party,,@joswinson @LibDems Why does it matter what he personally thinks? The party are clear they’d provide a referendum.… https://t.co/NHxh1mqMx5,Mon Nov 18 13:15:44 +0000 2019
cardiff,Labour-Party,,"RT @Jaz4Caerphilly: ""Why won't #Remain Party Candidates stand aside for #Leave #Labour"" is the daily whinge I hear from the perpetually clu…",Mon Nov 18 13:14:30 +0000 2019
cardiff,Labour-Party,,@SkyNews @jeremycorbyn Corbyn didn't answer the questions put to him about his racism and antisemitism and that of… https://t.co/SB4Qj3XGe5,Mon Nov 18 13:10:11 +0000 2019
cardiff,Labour-Party,,RT @olive_projects: @gman_davison @Yvonne4Monmouth @DavidTCDavies It does matter. This election is one of the most important I have witness…,Mon Nov 18 13:08:32 +0000 2019
cardiff,Labour-Party,,"RT @Jaz4Caerphilly: ""Why won't #Remain Party Candidates stand aside for #Leave #Labour"" is the daily whinge I hear from the perpetually clu…",Mon Nov 18 12:59:30 +0000 2019
cardiff,Labour-Party,,"Realise this is part of a campaign of hatred towards ""the Other"" by the Tory Party.
Ignore them and vote for whoeve… https://t.co/evPMtCChoG",Mon Nov 18 12:38:26 +0000 2019
cardiff,Labour-Party,,"RT @Jaz4Caerphilly: ""Why won't #Remain Party Candidates stand aside for #Leave #Labour"" is the daily whinge I hear from the perpetually clu…",Mon Nov 18 12:22:15 +0000 2019
cardiff,Labour-Party,,"Is the DDoS attack on the Labour Party a ‘sign of things to come?’ We answer your questions in our latest blog.

Re… https://t.co/r42i3l19Bp",Mon Nov 18 11:59:58 +0000 2019
cardiff,Labour-Party,,"Is the DDoS attack on the Labour Party a ‘sign of things to come?’ We answer your questions in our latest blog.

Re… https://t.co/K0gwzphwf4",Mon Nov 18 11:59:57 +0000 2019
cardiff,Labour-Party,,"@missma678 wants, they will be whipped to support the major plank of the manifesto they stood on - a Labour Brexit… https://t.co/8Y65eU3qbV",Mon Nov 18 11:44:20 +0000 2019
cardiff,Labour-Party,,"@missma678 Again you make the mistake of thinking that Labour is a Remain party

It isn't

It's a Leave party

Its… https://t.co/1Q54k46plx",Mon Nov 18 11:42:59 +0000 2019
cardiff,Labour-Party,,"RT @Jaz4Caerphilly: ""Why won't #Remain Party Candidates stand aside for #Leave #Labour"" is the daily whinge I hear from the perpetually clu…",Mon Nov 18 11:28:50 +0000 2019
cardiff,Labour-Party,,@missma678 Labour is a Leave party. The policy platform on Europe is to leave the EU. Their stance is to leave. Tha… https://t.co/V2F4yY9Ekj,Mon Nov 18 11:27:50 +0000 2019
cardiff,Labour-Party,,"RT @Jaz4Caerphilly: ""Why won't #Remain Party Candidates stand aside for #Leave #Labour"" is the daily whinge I hear from the perpetually clu…",Mon Nov 18 11:22:23 +0000 2019
cardiff,Labour-Party,,"RT @Jaz4Caerphilly: ""Why won't #Remain Party Candidates stand aside for #Leave #Labour"" is the daily whinge I hear from the perpetually clu…",Mon Nov 18 11:18:49 +0000 2019
cardiff,Labour-Party,,"RT @Jaz4Caerphilly: ""Why won't #Remain Party Candidates stand aside for #Leave #Labour"" is the daily whinge I hear from the perpetually clu…",Mon Nov 18 11:04:33 +0000 2019
cardiff,Labour-Party,,"@missma678 You've pointed out that you've made assumptions

They are wrong

We win as often in Tory-facing facing s… https://t.co/4uuUlUDzCo",Mon Nov 18 10:57:29 +0000 2019
cardiff,Labour-Party,,"RT @Jaz4Caerphilly: ""Why won't #Remain Party Candidates stand aside for #Leave #Labour"" is the daily whinge I hear from the perpetually clu…",Mon Nov 18 10:49:20 +0000 2019
cardiff,Labour-Party,,"RT @Jaz4Caerphilly: ""Why won't #Remain Party Candidates stand aside for #Leave #Labour"" is the daily whinge I hear from the perpetually clu…",Mon Nov 18 10:46:26 +0000 2019
cardiff,Labour-Party,,"RT @Jaz4Caerphilly: ""Why won't #Remain Party Candidates stand aside for #Leave #Labour"" is the daily whinge I hear from the perpetually clu…",Mon Nov 18 10:34:43 +0000 2019
cardiff,Labour-Party,,"@j60nta2 @ToryFibs @Conservatives @BorisJohnson yup, they'll vote Tory rather than any opposition party on the basi… https://t.co/1P17PfGYJt",Mon Nov 18 10:24:58 +0000 2019
cardiff,Labour-Party,,"RT @Jaz4Caerphilly: ""Why won't #Remain Party Candidates stand aside for #Leave #Labour"" is the daily whinge I hear from the perpetually clu…",Mon Nov 18 10:22:20 +0000 2019
cardiff,Labour-Party,,"RT @Jaz4Caerphilly: ""Why won't #Remain Party Candidates stand aside for #Leave #Labour"" is the daily whinge I hear from the perpetually clu…",Mon Nov 18 10:00:27 +0000 2019
cardiff,Labour-Party,,"@Owain__S @LiamPReid @The_don_schott I vote labour and conservatives, I don’t pledge my allegiance to one party, th… https://t.co/hltxrhtBYd",Mon Nov 18 09:55:25 +0000 2019
cardiff,Labour-Party,,"RT @Jaz4Caerphilly: ""Why won't #Remain Party Candidates stand aside for #Leave #Labour"" is the daily whinge I hear from the perpetually clu…",Mon Nov 18 09:54:15 +0000 2019
cardiff,Labour-Party,,"RT @Jaz4Caerphilly: ""Why won't #Remain Party Candidates stand aside for #Leave #Labour"" is the daily whinge I hear from the perpetually clu…",Mon Nov 18 09:52:58 +0000 2019
cardiff,Labour-Party,,"RT @Jaz4Caerphilly: ""Why won't #Remain Party Candidates stand aside for #Leave #Labour"" is the daily whinge I hear from the perpetually clu…",Mon Nov 18 09:50:54 +0000 2019
cardiff,Labour-Party,,RT @Jen53038: @BBCWalesNews If she hadn't been sacked it would have been yet another party I wouldn't consider voting for. Labour has lost…,Mon Nov 18 09:48:25 +0000 2019
cardiff,Labour-Party,,"RT @Jaz4Caerphilly: ""Why won't #Remain Party Candidates stand aside for #Leave #Labour"" is the daily whinge I hear from the perpetually clu…",Mon Nov 18 09:20:16 +0000 2019
cardiff,Labour-Party,,RT @Jen53038: @BBCWalesNews If she hadn't been sacked it would have been yet another party I wouldn't consider voting for. Labour has lost…,Mon Nov 18 09:20:10 +0000 2019
cardiff,Labour-Party,,"RT @Jaz4Caerphilly: ""Why won't #Remain Party Candidates stand aside for #Leave #Labour"" is the daily whinge I hear from the perpetually clu…",Mon Nov 18 09:18:29 +0000 2019
cardiff,Labour-Party,,RT @Jen53038: @BBCWalesNews If she hadn't been sacked it would have been yet another party I wouldn't consider voting for. Labour has lost…,Mon Nov 18 09:17:57 +0000 2019
cardiff,Labour-Party,,RT @Jen53038: @BBCWalesNews If she hadn't been sacked it would have been yet another party I wouldn't consider voting for. Labour has lost…,Mon Nov 18 09:16:34 +0000 2019
cardiff,Labour-Party,,@BBCWalesNews If she hadn't been sacked it would have been yet another party I wouldn't consider voting for. Labour… https://t.co/QGAli7k47A,Mon Nov 18 09:14:47 +0000 2019
cardiff,Labour-Party,,RT @olive_projects: @gman_davison @Yvonne4Monmouth @DavidTCDavies It does matter. This election is one of the most important I have witness…,Mon Nov 18 09:12:35 +0000 2019
cardiff,Labour-Party,,"RT @Jaz4Caerphilly: ""Why won't #Remain Party Candidates stand aside for #Leave #Labour"" is the daily whinge I hear from the perpetually clu…",Mon Nov 18 09:10:11 +0000 2019
cardiff,Labour-Party,,@gman_davison @Yvonne4Monmouth @DavidTCDavies It does matter. This election is one of the most important I have wit… https://t.co/xuoqApWz1f,Mon Nov 18 09:03:59 +0000 2019
cardiff,Labour-Party,,"RT @Jaz4Caerphilly: ""Why won't #Remain Party Candidates stand aside for #Leave #Labour"" is the daily whinge I hear from the perpetually clu…",Mon Nov 18 08:38:23 +0000 2019
cardiff,Labour-Party,,"RT @Jaz4Caerphilly: ""Why won't #Remain Party Candidates stand aside for #Leave #Labour"" is the daily whinge I hear from the perpetually clu…",Mon Nov 18 08:31:07 +0000 2019
cardiff,Labour-Party,,"RT @Jaz4Caerphilly: ""Why won't #Remain Party Candidates stand aside for #Leave #Labour"" is the daily whinge I hear from the perpetually clu…",Mon Nov 18 07:55:45 +0000 2019
cardiff,Labour-Party,,"RT @Jaz4Caerphilly: ""Why won't #Remain Party Candidates stand aside for #Leave #Labour"" is the daily whinge I hear from the perpetually clu…",Mon Nov 18 07:44:14 +0000 2019
cardiff,Labour-Party,,"RT @Jaz4Caerphilly: ""Why won't #Remain Party Candidates stand aside for #Leave #Labour"" is the daily whinge I hear from the perpetually clu…",Mon Nov 18 07:40:56 +0000 2019
cardiff,Labour-Party,,"RT @Jaz4Caerphilly: ""Why won't #Remain Party Candidates stand aside for #Leave #Labour"" is the daily whinge I hear from the perpetually clu…",Mon Nov 18 07:29:23 +0000 2019
cardiff,Labour-Party,,"RT @Jaz4Caerphilly: ""Why won't #Remain Party Candidates stand aside for #Leave #Labour"" is the daily whinge I hear from the perpetually clu…",Mon Nov 18 07:27:45 +0000 2019
cardiff,Labour-Party,,"RT @Jaz4Caerphilly: ""Why won't #Remain Party Candidates stand aside for #Leave #Labour"" is the daily whinge I hear from the perpetually clu…",Mon Nov 18 07:24:59 +0000 2019
cardiff,Labour-Party,,"Yes 👍

My own sentiments on Corbyn are immaterial. His Party's position, Labour's position, on Brexit is the just o… https://t.co/jPjZhH7qG8",Mon Nov 18 07:23:44 +0000 2019
cardiff,Labour-Party,,"@ChrisWelshProp @DeborahMeaden I think that they Labour Party is the party for the people and people own, run, mana… https://t.co/btvm4AklCm",Mon Nov 18 07:19:02 +0000 2019
cardiff,Labour-Party,,"RT @PaulMer52: I think the Labour Party actually Hates this Country. 
You first had Blair and Brown and the mob opening our Borders for any…",Mon Nov 18 07:17:34 +0000 2019
cardiff,Labour-Party,,"RT @Jaz4Caerphilly: ""Why won't #Remain Party Candidates stand aside for #Leave #Labour"" is the daily whinge I hear from the perpetually clu…",Mon Nov 18 07:17:29 +0000 2019
cardiff,Labour-Party,,"RT @Jaz4Caerphilly: ""Why won't #Remain Party Candidates stand aside for #Leave #Labour"" is the daily whinge I hear from the perpetually clu…",Mon Nov 18 07:15:52 +0000 2019
cardiff,Labour-Party,,RT @joseph_carterUK: Labour fell apart tonight and @DoddsJane was on fire. It’s clear that the Tories and Brexit party are one of the same…,Mon Nov 18 07:08:53 +0000 2019
cardiff,,Jeremy-Corbyn,RT @fussydolphin: Here’s why Jeremy Corbyn could just win the election - Lesley Riddoch - The Scotsman https://t.co/Vdi80JJlvH,Mon Nov 18 23:30:56 +0000 2019
cardiff,,Jeremy-Corbyn,RT @fussydolphin: Here’s why Jeremy Corbyn could just win the election - Lesley Riddoch - The Scotsman https://t.co/Vdi80JJlvH,Mon Nov 18 23:30:03 +0000 2019
cardiff,,Jeremy-Corbyn,Here’s why Jeremy Corbyn could just win the election - Lesley Riddoch - The Scotsman https://t.co/Vdi80JJlvH,Mon Nov 18 22:50:23 +0000 2019
cardiff,,Jeremy-Corbyn,"@FxBoz @kenaidel @jeremycorbyn It was agreed at conference, tweeted out by Jeremy Corbyn and the manifesto hasn't been released yet.",Mon Nov 18 22:22:38 +0000 2019
cardiff,,Jeremy-Corbyn,RT @johnpatrickwad1: @melaniekmelvin @Exfostercarer https://t.co/f8CSKn6hfX,Mon Nov 18 22:18:19 +0000 2019
cardiff,,Jeremy-Corbyn,RT @johnpatrickwad1: @JomecMikeB @guardian @greg_philo @ta_mills @TomLondon6 @TheMendozaWoman @evolvepolitics @NatalieFenton1 @lazebnic @Ge…,Mon Nov 18 22:01:24 +0000 2019
cardiff,,Jeremy-Corbyn,RT @johnpatrickwad1: @JomecMikeB @guardian @greg_philo @ta_mills @TomLondon6 @TheMendozaWoman @evolvepolitics @NatalieFenton1 @lazebnic @Ge…,Mon Nov 18 21:59:21 +0000 2019
cardiff,,Jeremy-Corbyn,RT @johnpatrickwad1: @JomecMikeB @guardian @greg_philo @ta_mills @TomLondon6 @TheMendozaWoman @evolvepolitics @NatalieFenton1 @lazebnic @Ge…,Mon Nov 18 21:56:41 +0000 2019
cardiff,,Jeremy-Corbyn,RT @johnpatrickwad1: @melaniekmelvin @Exfostercarer https://t.co/f8CSKn6hfX,Mon Nov 18 21:42:32 +0000 2019
cardiff,,Jeremy-Corbyn,@melaniekmelvin @Exfostercarer https://t.co/f8CSKn6hfX,Mon Nov 18 21:39:08 +0000 2019
cardiff,,Jeremy-Corbyn,@JomecMikeB @guardian @greg_philo @ta_mills @TomLondon6 @TheMendozaWoman @evolvepolitics @NatalieFenton1 @lazebnic… https://t.co/lotykh4slv,Mon Nov 18 21:37:46 +0000 2019
cardiff,,Jeremy-Corbyn,https://t.co/f8CSKn6hfX,Mon Nov 18 21:34:28 +0000 2019
cardiff,,Jeremy-Corbyn,@lesleycutler @wgmin_housing @WelshLGA @votesat16 @WelshYouthParl @jeremycorbyn What does Jeremy Corbyn have to do… https://t.co/8qJDmp7PWb,Mon Nov 18 21:13:06 +0000 2019
cardiff,,Jeremy-Corbyn,"RT @RosalindBeck: Corbyn hates self-made people as well as those who have inherited wealth. Basically, he hates success - being such a lose…",Mon Nov 18 20:56:59 +0000 2019
cardiff,,Jeremy-Corbyn,"Tories spent £1,200,000 on negative anti-Jeremy Corbyn social media adverts https://t.co/PCUnOS4PsC",Mon Nov 18 20:45:13 +0000 2019
cardiff,,Jeremy-Corbyn,So where is the Jeremy Corbyn question? #politicalBalance #OnlyConnect #JustJoking,Mon Nov 18 20:19:45 +0000 2019
cardiff,,Jeremy-Corbyn,"RT @Jaz4Caerphilly: When NewsThump is providing more accurate and insightful journalism than some mainstream source; worry

https://t.co/PN…",Mon Nov 18 20:07:17 +0000 2019
cardiff,,Jeremy-Corbyn,"RT @Jaz4Caerphilly: When NewsThump is providing more accurate and insightful journalism than some mainstream source; worry

https://t.co/PN…",Mon Nov 18 20:06:48 +0000 2019
cardiff,,Jeremy-Corbyn,"RT @FromSteveHowell: ""Progressives around the world are looking to this election and to Labour as a beacon of hope in the struggle against…",Mon Nov 18 20:06:00 +0000 2019
cardiff,,Jeremy-Corbyn,"When NewsThump is providing more accurate and insightful journalism than some mainstream source; worry

https://t.co/PN1WoN4h1q",Mon Nov 18 19:58:46 +0000 2019
cardiff,,Jeremy-Corbyn,"#ToryMenace 

Disgusting smears from @HenryBodkin and ⁦@Telegraph⁩

Corbyn challenged at CBI to prove Labour isn't… https://t.co/3fjI0zAb8I",Mon Nov 18 19:44:59 +0000 2019
cardiff,,Jeremy-Corbyn,Boris Johnson goes to the CBI to tell bosses he won't be cutting corporation tax from 19% to 17%. Anyone want to te… https://t.co/78J7wqO9of,Mon Nov 18 19:17:28 +0000 2019
cardiff,,Jeremy-Corbyn,RT @5_mini_Daves: @chezzy51 @Hardeep216 @2smartmonkeys @2KWanya @333maggiemay @B5_AFCB @mitchx36 @KarenLeeMP @MrAndyDunne @JeremyCorbyn4PM…,Mon Nov 18 18:37:02 +0000 2019
cardiff,,Jeremy-Corbyn,RT @5_mini_Daves: @chezzy51 @Hardeep216 @2smartmonkeys @2KWanya @333maggiemay @B5_AFCB @mitchx36 @KarenLeeMP @MrAndyDunne @JeremyCorbyn4PM…,Mon Nov 18 18:27:28 +0000 2019
cardiff,,Jeremy-Corbyn,People who vote for Jeremy Corbyn's Labour are bigger fools than people who vote for Boris Johnson's Conservative.,Mon Nov 18 17:34:20 +0000 2019
cardiff,,Jeremy-Corbyn,"Yes, this: https://t.co/ryybYtNIrJ",Mon Nov 18 16:36:04 +0000 2019
cardiff,,Jeremy-Corbyn,RT @5_mini_Daves: @MrsNickyClark Everyone asking this poster same question.. Why do you want to know how Jeremy Corbyn votes.? We won't get…,Mon Nov 18 16:04:43 +0000 2019
cardiff,,Jeremy-Corbyn,"RT @sionbarry: CBI Conference LIVE: Boris Johnson, Jeremy Corbyn and Jo Swinson talk business https://t.co/npYmg03u1u",Mon Nov 18 16:00:51 +0000 2019
cardiff,,Jeremy-Corbyn,"CBI Conference LIVE: Boris Johnson, Jeremy Corbyn and Jo Swinson talk business https://t.co/npYmg03u1u",Mon Nov 18 15:59:41 +0000 2019
cardiff,,Jeremy-Corbyn,RT @MariaNadia: @bbclaurak The truth is though Jeremy Corbyn has stood up against racism every step of the way. But you keep peddling the m…,Mon Nov 18 15:00:10 +0000 2019
cardiff,,Jeremy-Corbyn,"Some insist that it is not important to vote for:
free internet
free education
free dental checks
or even free NHS,… https://t.co/cqKQcXfOw6",Mon Nov 18 13:52:35 +0000 2019
cardiff,,Jeremy-Corbyn,@bbclaurak The truth is though Jeremy Corbyn has stood up against racism every step of the way. But you keep peddli… https://t.co/JFdxihGEce,Mon Nov 18 13:34:55 +0000 2019
cardiff,,Jeremy-Corbyn,#dontbuythesun This is the problem with Jeremy Corbyn plans to nationalise everything it has people protesting agai… https://t.co/2Bv8p0pH85,Mon Nov 18 12:59:53 +0000 2019
cardiff,,Jeremy-Corbyn,@_BrexitTory @TrippyPip Good definition of Jeremy  Corbyn’s career to date.  “Useful idiot and fellow traveller” We… https://t.co/uSwDQ7XOhx,Mon Nov 18 12:42:16 +0000 2019
cardiff,,Jeremy-Corbyn,"RT @FromSteveHowell: ""Progressives around the world are looking to this election and to Labour as a beacon of hope in the struggle against…",Mon Nov 18 12:40:43 +0000 2019
cardiff,,Jeremy-Corbyn,"RT @FromSteveHowell: ""Progressives around the world are looking to this election and to Labour as a beacon of hope in the struggle against…",Mon Nov 18 12:21:38 +0000 2019
cardiff,,Jeremy-Corbyn,Can you imagine the fuss in the press today if it was discovered that Jeremy Corbyn had a secret affair with a woma… https://t.co/r1uGUbcrip,Mon Nov 18 10:36:43 +0000 2019
cardiff,,Jeremy-Corbyn,"RT @FromSteveHowell: ""Progressives around the world are looking to this election and to Labour as a beacon of hope in the struggle against…",Mon Nov 18 09:45:53 +0000 2019
cardiff,,Jeremy-Corbyn,"RT @FromSteveHowell: ""Progressives around the world are looking to this election and to Labour as a beacon of hope in the struggle against…",Mon Nov 18 09:25:13 +0000 2019
cardiff,Liberal-Democrats,,Why do remainers favor austerity?General election 2019: Liberal Democrats say government should run permanent spend… https://t.co/R71IUOy8Ss,Mon Nov 18 23:36:06 +0000 2019
cardiff,Liberal-Democrats,,RT @syhrtaylor: Liberal Democrats promise to scrap business rates in favour of levy on land ownership https://t.co/8UiYFfHkQl,Mon Nov 18 23:20:04 +0000 2019
cardiff,Liberal-Democrats,,RT @syhrtaylor: Liberal Democrats promise to scrap business rates in favour of levy on land ownership https://t.co/8UiYFfHkQl,Mon Nov 18 20:51:17 +0000 2019
cardiff,Liberal-Democrats,,RT @syhrtaylor: Liberal Democrats promise to scrap business rates in favour of levy on land ownership https://t.co/8UiYFfHkQl,Mon Nov 18 20:47:10 +0000 2019
cardiff,Liberal-Democrats,,RT @syhrtaylor: Liberal Democrats promise to scrap business rates in favour of levy on land ownership https://t.co/8UiYFfHkQl,Mon Nov 18 20:46:06 +0000 2019
cardiff,Liberal-Democrats,,Liberal Democrats promise to scrap business rates in favour of levy on land ownership https://t.co/8UiYFfHkQl,Mon Nov 18 20:44:15 +0000 2019
cardiff,Conservative-Party,,"RT @XR_Cardiff: Day one of hungry strike has gone well.

We will start again tomorrow morning

We appreciate the support from our sponsors…",Mon Nov 18 23:49:05 +0000 2019
cardiff,Conservative-Party,,"Day one of hungry strike has gone well.

We will start again tomorrow morning

We appreciate the support from our s… https://t.co/J9slA7ryW9",Mon Nov 18 23:37:56 +0000 2019
cardiff,Conservative-Party,,So pleased to welcome the defection of The Deputy Chairman of the Conservative Party in Wales - Lee Canning  - to t… https://t.co/AU3sUyL2bC,Mon Nov 18 22:24:26 +0000 2019
cardiff,Conservative-Party,,RT @GruffMc: Says a lot that this isn't promoting any particular party. Just don't vote conservative - Powerful. https://t.co/KkaXOoTyAN,Mon Nov 18 18:45:52 +0000 2019
cardiff,Conservative-Party,,#bbcyourquestions Are the Brexit Party now just an offshoot of the Conservative? What is the point of the Brexit Party?,Mon Nov 18 17:38:51 +0000 2019
cardiff,Conservative-Party,,"@MeehanMeeks @BorisJohnson Don’t vote Conservative vote NHS? What, is that an independent party we don’t know about… https://t.co/an8wC8Elcg",Mon Nov 18 17:29:11 +0000 2019
cardiff,Conservative-Party,,Two Loony Bill Barr Speeches Show It Didn't Start With Trump. The crazy has been metastasizing in the Republican Pa… https://t.co/rxk6iqllVF,Mon Nov 18 16:28:33 +0000 2019
cardiff,Conservative-Party,,Says a lot that this isn't promoting any particular party. Just don't vote conservative - Powerful. https://t.co/KkaXOoTyAN,Mon Nov 18 15:45:52 +0000 2019
cardiff,Conservative-Party,,"@AnnaUKSCN Which bit was he wrong about?

Or is the fact he is a conservative party member justification being abused?",Mon Nov 18 13:52:54 +0000 2019
cardiff,Conservative-Party,,@bbclaurak truth is tho even in his own party a lot of people believe he hasn’t done enough to confront it inside Conservative Party,Mon Nov 18 12:44:41 +0000 2019
cardiff,Conservative-Party,,"If you vote for this liar, there isn't much to say. This is Conservative Party politics 101: gut society, promise t… https://t.co/mzc5mruB3B",Mon Nov 18 08:11:26 +0000 2019
cardiff,Conservative-Party,,@aranjones The North of England or any other post industrial region. They agree the seemingly endless vote for the… https://t.co/Zx53MrNBwx,Mon Nov 18 06:49:16 +0000 2019
cardiff,Liberal-Democrats,,Why do remainers favor austerity?General election 2019: Liberal Democrats say government should run permanent spend… https://t.co/R71IUOy8Ss,Mon Nov 18 23:36:06 +0000 2019
cardiff,Liberal-Democrats,,RT @syhrtaylor: Liberal Democrats promise to scrap business rates in favour of levy on land ownership https://t.co/8UiYFfHkQl,Mon Nov 18 23:20:04 +0000 2019
cardiff,Liberal-Democrats,,RT @syhrtaylor: Liberal Democrats promise to scrap business rates in favour of levy on land ownership https://t.co/8UiYFfHkQl,Mon Nov 18 20:51:17 +0000 2019
cardiff,Liberal-Democrats,,RT @syhrtaylor: Liberal Democrats promise to scrap business rates in favour of levy on land ownership https://t.co/8UiYFfHkQl,Mon Nov 18 20:47:10 +0000 2019
cardiff,Liberal-Democrats,,RT @syhrtaylor: Liberal Democrats promise to scrap business rates in favour of levy on land ownership https://t.co/8UiYFfHkQl,Mon Nov 18 20:46:06 +0000 2019
cardiff,Liberal-Democrats,,Liberal Democrats promise to scrap business rates in favour of levy on land ownership https://t.co/8UiYFfHkQl,Mon Nov 18 20:44:15 +0000 2019
cardiff,,Jeremy-Corbyn,RT @fussydolphin: Here’s why Jeremy Corbyn could just win the election - Lesley Riddoch - The Scotsman https://t.co/Vdi80JJlvH,Mon Nov 18 23:30:56 +0000 2019
cardiff,,Jeremy-Corbyn,RT @fussydolphin: Here’s why Jeremy Corbyn could just win the election - Lesley Riddoch - The Scotsman https://t.co/Vdi80JJlvH,Mon Nov 18 23:30:03 +0000 2019
cardiff,,Jeremy-Corbyn,Here’s why Jeremy Corbyn could just win the election - Lesley Riddoch - The Scotsman https://t.co/Vdi80JJlvH,Mon Nov 18 22:50:23 +0000 2019
cardiff,,Jeremy-Corbyn,"@FxBoz @kenaidel @jeremycorbyn It was agreed at conference, tweeted out by Jeremy Corbyn and the manifesto hasn't been released yet.",Mon Nov 18 22:22:38 +0000 2019
cardiff,,Jeremy-Corbyn,RT @johnpatrickwad1: @melaniekmelvin @Exfostercarer https://t.co/f8CSKn6hfX,Mon Nov 18 22:18:19 +0000 2019
cardiff,,Jeremy-Corbyn,RT @johnpatrickwad1: @JomecMikeB @guardian @greg_philo @ta_mills @TomLondon6 @TheMendozaWoman @evolvepolitics @NatalieFenton1 @lazebnic @Ge…,Mon Nov 18 22:01:24 +0000 2019
cardiff,,Jeremy-Corbyn,RT @johnpatrickwad1: @JomecMikeB @guardian @greg_philo @ta_mills @TomLondon6 @TheMendozaWoman @evolvepolitics @NatalieFenton1 @lazebnic @Ge…,Mon Nov 18 21:59:21 +0000 2019
cardiff,,Jeremy-Corbyn,RT @johnpatrickwad1: @JomecMikeB @guardian @greg_philo @ta_mills @TomLondon6 @TheMendozaWoman @evolvepolitics @NatalieFenton1 @lazebnic @Ge…,Mon Nov 18 21:56:41 +0000 2019
cardiff,,Jeremy-Corbyn,RT @johnpatrickwad1: @melaniekmelvin @Exfostercarer https://t.co/f8CSKn6hfX,Mon Nov 18 21:42:32 +0000 2019
cardiff,,Jeremy-Corbyn,@melaniekmelvin @Exfostercarer https://t.co/f8CSKn6hfX,Mon Nov 18 21:39:08 +0000 2019
cardiff,,Jeremy-Corbyn,@JomecMikeB @guardian @greg_philo @ta_mills @TomLondon6 @TheMendozaWoman @evolvepolitics @NatalieFenton1 @lazebnic… https://t.co/lotykh4slv,Mon Nov 18 21:37:46 +0000 2019
cardiff,,Jeremy-Corbyn,https://t.co/f8CSKn6hfX,Mon Nov 18 21:34:28 +0000 2019
cardiff,,Jeremy-Corbyn,@lesleycutler @wgmin_housing @WelshLGA @votesat16 @WelshYouthParl @jeremycorbyn What does Jeremy Corbyn have to do… https://t.co/8qJDmp7PWb,Mon Nov 18 21:13:06 +0000 2019
cardiff,,Jeremy-Corbyn,"RT @RosalindBeck: Corbyn hates self-made people as well as those who have inherited wealth. Basically, he hates success - being such a lose…",Mon Nov 18 20:56:59 +0000 2019
cardiff,,Jeremy-Corbyn,"Tories spent £1,200,000 on negative anti-Jeremy Corbyn social media adverts https://t.co/PCUnOS4PsC",Mon Nov 18 20:45:13 +0000 2019
cardiff,,Jeremy-Corbyn,So where is the Jeremy Corbyn question? #politicalBalance #OnlyConnect #JustJoking,Mon Nov 18 20:19:45 +0000 2019
cardiff,,Jeremy-Corbyn,"RT @Jaz4Caerphilly: When NewsThump is providing more accurate and insightful journalism than some mainstream source; worry

https://t.co/PN…",Mon Nov 18 20:07:17 +0000 2019
cardiff,,Jeremy-Corbyn,"RT @Jaz4Caerphilly: When NewsThump is providing more accurate and insightful journalism than some mainstream source; worry

https://t.co/PN…",Mon Nov 18 20:06:48 +0000 2019
cardiff,,Jeremy-Corbyn,"RT @FromSteveHowell: ""Progressives around the world are looking to this election and to Labour as a beacon of hope in the struggle against…",Mon Nov 18 20:06:00 +0000 2019
cardiff,,Jeremy-Corbyn,"When NewsThump is providing more accurate and insightful journalism than some mainstream source; worry

https://t.co/PN1WoN4h1q",Mon Nov 18 19:58:46 +0000 2019
cardiff,,Jeremy-Corbyn,"#ToryMenace 

Disgusting smears from @HenryBodkin and ⁦@Telegraph⁩

Corbyn challenged at CBI to prove Labour isn't… https://t.co/3fjI0zAb8I",Mon Nov 18 19:44:59 +0000 2019
cardiff,,Jeremy-Corbyn,Boris Johnson goes to the CBI to tell bosses he won't be cutting corporation tax from 19% to 17%. Anyone want to te… https://t.co/78J7wqO9of,Mon Nov 18 19:17:28 +0000 2019
cardiff,,Jeremy-Corbyn,RT @5_mini_Daves: @chezzy51 @Hardeep216 @2smartmonkeys @2KWanya @333maggiemay @B5_AFCB @mitchx36 @KarenLeeMP @MrAndyDunne @JeremyCorbyn4PM…,Mon Nov 18 18:37:02 +0000 2019
cardiff,,Jeremy-Corbyn,RT @5_mini_Daves: @chezzy51 @Hardeep216 @2smartmonkeys @2KWanya @333maggiemay @B5_AFCB @mitchx36 @KarenLeeMP @MrAndyDunne @JeremyCorbyn4PM…,Mon Nov 18 18:27:28 +0000 2019
cardiff,,Jeremy-Corbyn,People who vote for Jeremy Corbyn's Labour are bigger fools than people who vote for Boris Johnson's Conservative.,Mon Nov 18 17:34:20 +0000 2019
cardiff,,Jeremy-Corbyn,"Yes, this: https://t.co/ryybYtNIrJ",Mon Nov 18 16:36:04 +0000 2019
cardiff,,Jeremy-Corbyn,RT @5_mini_Daves: @MrsNickyClark Everyone asking this poster same question.. Why do you want to know how Jeremy Corbyn votes.? We won't get…,Mon Nov 18 16:04:43 +0000 2019
cardiff,,Jeremy-Corbyn,"RT @sionbarry: CBI Conference LIVE: Boris Johnson, Jeremy Corbyn and Jo Swinson talk business https://t.co/npYmg03u1u",Mon Nov 18 16:00:51 +0000 2019
cardiff,,Jeremy-Corbyn,"CBI Conference LIVE: Boris Johnson, Jeremy Corbyn and Jo Swinson talk business https://t.co/npYmg03u1u",Mon Nov 18 15:59:41 +0000 2019
cardiff,,Jeremy-Corbyn,RT @MariaNadia: @bbclaurak The truth is though Jeremy Corbyn has stood up against racism every step of the way. But you keep peddling the m…,Mon Nov 18 15:00:10 +0000 2019
cardiff,,Jeremy-Corbyn,"Some insist that it is not important to vote for:
free internet
free education
free dental checks
or even free NHS,… https://t.co/cqKQcXfOw6",Mon Nov 18 13:52:35 +0000 2019
cardiff,,Jeremy-Corbyn,@bbclaurak The truth is though Jeremy Corbyn has stood up against racism every step of the way. But you keep peddli… https://t.co/JFdxihGEce,Mon Nov 18 13:34:55 +0000 2019
cardiff,,Jeremy-Corbyn,#dontbuythesun This is the problem with Jeremy Corbyn plans to nationalise everything it has people protesting agai… https://t.co/2Bv8p0pH85,Mon Nov 18 12:59:53 +0000 2019
cardiff,,Jeremy-Corbyn,@_BrexitTory @TrippyPip Good definition of Jeremy  Corbyn’s career to date.  “Useful idiot and fellow traveller” We… https://t.co/uSwDQ7XOhx,Mon Nov 18 12:42:16 +0000 2019
cardiff,,Jeremy-Corbyn,"RT @FromSteveHowell: ""Progressives around the world are looking to this election and to Labour as a beacon of hope in the struggle against…",Mon Nov 18 12:40:43 +0000 2019
cardiff,,Jeremy-Corbyn,"RT @FromSteveHowell: ""Progressives around the world are looking to this election and to Labour as a beacon of hope in the struggle against…",Mon Nov 18 12:21:38 +0000 2019
cardiff,,Jeremy-Corbyn,Can you imagine the fuss in the press today if it was discovered that Jeremy Corbyn had a secret affair with a woma… https://t.co/r1uGUbcrip,Mon Nov 18 10:36:43 +0000 2019
cardiff,,Jeremy-Corbyn,"RT @FromSteveHowell: ""Progressives around the world are looking to this election and to Labour as a beacon of hope in the struggle against…",Mon Nov 18 09:45:53 +0000 2019
cardiff,,Jeremy-Corbyn,"RT @FromSteveHowell: ""Progressives around the world are looking to this election and to Labour as a beacon of hope in the struggle against…",Mon Nov 18 09:25:13 +0000 2019
cardiff,,Jeremy-Corbyn,"RT @FromSteveHowell: ""Progressives around the world are looking to this election and to Labour as a beacon of hope in the struggle against…",Mon Nov 18 09:02:40 +0000 2019
cardiff,,Jeremy-Corbyn,"RT @FromSteveHowell: ""Progressives around the world are looking to this election and to Labour as a beacon of hope in the struggle against…",Mon Nov 18 08:51:40 +0000 2019
cardiff,,Jeremy-Corbyn,"RT @FromSteveHowell: ""Progressives around the world are looking to this election and to Labour as a beacon of hope in the struggle against…",Mon Nov 18 08:50:11 +0000 2019
cardiff,,Jeremy-Corbyn,"RT @FromSteveHowell: ""Progressives around the world are looking to this election and to Labour as a beacon of hope in the struggle against…",Mon Nov 18 08:47:58 +0000 2019
cardiff,,Jeremy-Corbyn,"RT @FromSteveHowell: ""Progressives around the world are looking to this election and to Labour as a beacon of hope in the struggle against…",Mon Nov 18 08:45:38 +0000 2019
cardiff,,Jeremy-Corbyn,RT @MadocRoberts: None of the news outlets are covering Arcuri's claims. If she is telling the truth he would clearly be unfit to be PM. In…,Mon Nov 18 08:45:24 +0000 2019
cardiff,,Jeremy-Corbyn,"RT @FromSteveHowell: ""Progressives around the world are looking to this election and to Labour as a beacon of hope in the struggle against…",Mon Nov 18 08:42:53 +0000 2019
cardiff,,Jeremy-Corbyn,"RT @FromSteveHowell: ""Progressives around the world are looking to this election and to Labour as a beacon of hope in the struggle against…",Mon Nov 18 08:41:06 +0000 2019
cardiff,,Jeremy-Corbyn,"RT @FromSteveHowell: ""Progressives around the world are looking to this election and to Labour as a beacon of hope in the struggle against…",Mon Nov 18 08:34:59 +0000 2019
cardiff,,Jeremy-Corbyn,"RT @FromSteveHowell: ""Progressives around the world are looking to this election and to Labour as a beacon of hope in the struggle against…",Mon Nov 18 08:34:28 +0000 2019
cardiff,,Jeremy-Corbyn,"RT @FromSteveHowell: ""Progressives around the world are looking to this election and to Labour as a beacon of hope in the struggle against…",Mon Nov 18 08:33:31 +0000 2019
cardiff,,Jeremy-Corbyn,"Jeremy corbyn = integrity honest 
P. Andrew= liar
B. Johnson = liar corrupted",Mon Nov 18 07:57:42 +0000 2019
cardiff,,Jeremy-Corbyn,"RT @FromSteveHowell: ""Progressives around the world are looking to this election and to Labour as a beacon of hope in the struggle against…",Mon Nov 18 07:53:11 +0000 2019
cardiff,,Jeremy-Corbyn,"RT @FromSteveHowell: ""Progressives around the world are looking to this election and to Labour as a beacon of hope in the struggle against…",Mon Nov 18 07:31:56 +0000 2019
cardiff,,Jeremy-Corbyn,None of the news outlets are covering Arcuri's claims. If she is telling the truth he would clearly be unfit to be… https://t.co/pxAmP4Vxgp,Mon Nov 18 07:30:22 +0000 2019
cardiff,,Jeremy-Corbyn,"RT @FromSteveHowell: ""Progressives around the world are looking to this election and to Labour as a beacon of hope in the struggle against…",Mon Nov 18 07:03:25 +0000 2019
cardiff,,Jeremy-Corbyn,"RT @FromSteveHowell: ""Progressives around the world are looking to this election and to Labour as a beacon of hope in the struggle against…",Mon Nov 18 06:54:17 +0000 2019
cardiff,,Jeremy-Corbyn,"RT @FromSteveHowell: ""Progressives around the world are looking to this election and to Labour as a beacon of hope in the struggle against…",Mon Nov 18 06:28:22 +0000 2019
cardiff,,Jeremy-Corbyn,"RT @FromSteveHowell: ""Progressives around the world are looking to this election and to Labour as a beacon of hope in the struggle against…",Mon Nov 18 05:20:49 +0000 2019
cardiff,,Jeremy-Corbyn,"RT @FromSteveHowell: ""Progressives around the world are looking to this election and to Labour as a beacon of hope in the struggle against…",Mon Nov 18 04:54:35 +0000 2019
cardiff,,Jeremy-Corbyn,"""Progressives around the world are looking to this election and to Labour as a beacon of hope in the struggle again… https://t.co/MbREGUFyGt",Mon Nov 18 04:48:45 +0000 2019
cardiff,,Jeremy-Corbyn,RT @5_mini_Daves: @chezzy51 @Hardeep216 @2smartmonkeys @2KWanya @333maggiemay @B5_AFCB @mitchx36 @KarenLeeMP @MrAndyDunne @JeremyCorbyn4PM…,Mon Nov 18 00:18:27 +0000 2019
cardiff,Conservative-Party,,"RT @XR_Cardiff: Day one of hungry strike has gone well.

We will start again tomorrow morning

We appreciate the support from our sponsors…",Mon Nov 18 23:49:05 +0000 2019
cardiff,Conservative-Party,,"Day one of hungry strike has gone well.

We will start again tomorrow morning

We appreciate the support from our s… https://t.co/J9slA7ryW9",Mon Nov 18 23:37:56 +0000 2019
cardiff,Conservative-Party,,So pleased to welcome the defection of The Deputy Chairman of the Conservative Party in Wales - Lee Canning  - to t… https://t.co/AU3sUyL2bC,Mon Nov 18 22:24:26 +0000 2019
cardiff,Conservative-Party,,RT @GruffMc: Says a lot that this isn't promoting any particular party. Just don't vote conservative - Powerful. https://t.co/KkaXOoTyAN,Mon Nov 18 18:45:52 +0000 2019
cardiff,Conservative-Party,,#bbcyourquestions Are the Brexit Party now just an offshoot of the Conservative? What is the point of the Brexit Party?,Mon Nov 18 17:38:51 +0000 2019
cardiff,Conservative-Party,,"@MeehanMeeks @BorisJohnson Don’t vote Conservative vote NHS? What, is that an independent party we don’t know about… https://t.co/an8wC8Elcg",Mon Nov 18 17:29:11 +0000 2019
cardiff,Conservative-Party,,Two Loony Bill Barr Speeches Show It Didn't Start With Trump. The crazy has been metastasizing in the Republican Pa… https://t.co/rxk6iqllVF,Mon Nov 18 16:28:33 +0000 2019
cardiff,Conservative-Party,,Says a lot that this isn't promoting any particular party. Just don't vote conservative - Powerful. https://t.co/KkaXOoTyAN,Mon Nov 18 15:45:52 +0000 2019
cardiff,Conservative-Party,,"@AnnaUKSCN Which bit was he wrong about?

Or is the fact he is a conservative party member justification being abused?",Mon Nov 18 13:52:54 +0000 2019
cardiff,Conservative-Party,,@bbclaurak truth is tho even in his own party a lot of people believe he hasn’t done enough to confront it inside Conservative Party,Mon Nov 18 12:44:41 +0000 2019
cardiff,Conservative-Party,,"If you vote for this liar, there isn't much to say. This is Conservative Party politics 101: gut society, promise t… https://t.co/mzc5mruB3B",Mon Nov 18 08:11:26 +0000 2019
cardiff,Conservative-Party,,@aranjones The North of England or any other post industrial region. They agree the seemingly endless vote for the… https://t.co/Zx53MrNBwx,Mon Nov 18 06:49:16 +0000 2019
cardiff,Brexit-Party,,@IanDunt This election is not about BREXIT. It's about wiping out the BREXIT party and getting back to a 2 party sy… https://t.co/1yfr7iy21F,Mon Nov 18 22:50:11 +0000 2019
cardiff,Brexit-Party,,"RT @hoppy1962: @BXPDiary Not everyone Karen.  
I’m brexit party member and will vote Brexit party   
So fed up with the false promises and…",Mon Nov 18 22:25:29 +0000 2019
cardiff,Brexit-Party,,@Ernie_Beckett @tesssummers98 The SNP being the party that the plurality of Scotland voted for as it’s the only par… https://t.co/TXs3CUFKdH,Mon Nov 18 22:18:42 +0000 2019
cardiff,Brexit-Party,,Happy to see the support the Brexit Party is getting in Wales. The poll done by Cardiff University seems quite prom… https://t.co/AwlJsTYkzI,Mon Nov 18 21:45:36 +0000 2019
cardiff,Brexit-Party,,"@MJRowe2 @LpoolEd @ChantelleSeddon @LiarJohnson What PV party?

Labour's a Leave Party whose leader is so gormless… https://t.co/eRey5zHou2",Mon Nov 18 20:02:58 +0000 2019
cardiff,Brexit-Party,,"RT @northernsoul78: Nancy Pelosi: Donald Trump committed bribery 

Boris Johnson: Hold my claret!

- Tories accused of bribing Brexit Party…",Mon Nov 18 18:10:29 +0000 2019
cardiff,Brexit-Party,,#bbcyourquestions Are the Brexit Party now just an offshoot of the Conservative? What is the point of the Brexit Party?,Mon Nov 18 17:38:51 +0000 2019
cardiff,Brexit-Party,,@intrepidbeats @WelshConserv @DavidTCDavies They are the only party who will deliver Brexit because the other parti… https://t.co/0udTpGXKga,Mon Nov 18 17:14:12 +0000 2019
cardiff,Brexit-Party,,RT @steviedubyu: @cardiffuni @BBCr4today @JustinOnWeb @Marthakearney Today's chosen news agenda will have affected the balance of these bia…,Mon Nov 18 16:58:30 +0000 2019
cardiff,Brexit-Party,,RT @steviedubyu: @cardiffuni @BBCr4today @JustinOnWeb @Marthakearney Today's chosen news agenda will have affected the balance of these bia…,Mon Nov 18 16:56:10 +0000 2019
cardiff,Brexit-Party,,Brexit Party candidate declares ‘war’ on LGBT+ community and wants to turn ‘Christ-rejecting creatures’ into shoes… https://t.co/YLvtZNy16o,Mon Nov 18 16:56:03 +0000 2019
cardiff,Brexit-Party,,"@Timothy__House @SkyNewsBreak So because you want to stop Brexit, the high court should make sure that ITV invite a… https://t.co/C4zFBRbJvF",Mon Nov 18 16:47:48 +0000 2019
cardiff,Brexit-Party,,RT @steviedubyu: @cardiffuni @BBCr4today @JustinOnWeb @Marthakearney Today's chosen news agenda will have affected the balance of these bia…,Mon Nov 18 16:45:13 +0000 2019
cardiff,Brexit-Party,,"RT @hoppy1962: @BXPDiary Not everyone Karen.  
I’m brexit party member and will vote Brexit party   
So fed up with the false promises and…",Mon Nov 18 16:10:27 +0000 2019
cardiff,Brexit-Party,,"@BXPDiary Not everyone Karen.  
I’m brexit party member and will vote Brexit party   
So fed up with the false prom… https://t.co/a6u4oaCmF4",Mon Nov 18 16:07:29 +0000 2019
cardiff,Brexit-Party,,@roger_scully We know that the Brexit Party vote has already started to collapse across the UK - so when we get the… https://t.co/y32lRoOVuh,Mon Nov 18 15:49:27 +0000 2019
cardiff,Brexit-Party,,@roger_scully It's also very interesting looking at the rise and fall of the UKIP vote - who benefitted from it las… https://t.co/NnpBkYDoVE,Mon Nov 18 15:48:08 +0000 2019
cardiff,Brexit-Party,,"RT @Smith_SM30: So the Brexit Party candidate for Cardiff Central wants to build a ""dalek city themepark"" and a ""noticeable skyscraper"".....",Mon Nov 18 15:38:57 +0000 2019
cardiff,Brexit-Party,,@JamesCleverly But you support a hard brexit so don’t pretend you’re the party of strong economics.  That boat has sailed.,Mon Nov 18 13:48:07 +0000 2019
cardiff,Brexit-Party,,"RT @SuzanneFrancesS: @HHepplewhite Plaid Cymru are so popular in Wales, that in the 2017 ‘Brexit General Election’ Plaid candidates lost th…",Mon Nov 18 13:37:27 +0000 2019
cardiff,Brexit-Party,,"@GrumpyOldLab @KingBobIIV The Brexit party, so that won't be the Tories.",Mon Nov 18 13:20:27 +0000 2019
cardiff,Brexit-Party,,@joswinson @LibDems Why does it matter what he personally thinks? The party are clear they’d provide a referendum.… https://t.co/NHxh1mqMx5,Mon Nov 18 13:15:44 +0000 2019
cardiff,Brexit-Party,,@darkfarces I see no reason to believe the Conservatives. The party as a whole has done its utmost for 3.5 years to… https://t.co/Ir95TM7U1n,Mon Nov 18 11:52:36 +0000 2019
cardiff,Brexit-Party,,"@missma678 wants, they will be whipped to support the major plank of the manifesto they stood on - a Labour Brexit… https://t.co/8Y65eU3qbV",Mon Nov 18 11:44:20 +0000 2019
cardiff,Brexit-Party,,"RT @northernsoul78: Nancy Pelosi: Donald Trump committed bribery 

Boris Johnson: Hold my claret!

- Tories accused of bribing Brexit Party…",Mon Nov 18 11:01:16 +0000 2019
cardiff,Brexit-Party,,@davidschneider Tried to bribe the Brexit Party...,Mon Nov 18 08:40:37 +0000 2019
cardiff,Brexit-Party,,RT @DafyddTrystan: @ITVWales @adrianmasters84 Seens rather odd to include Brexit Party but not Greens - both @Amelia_Womack and @as_penarth…,Mon Nov 18 08:33:15 +0000 2019
cardiff,Brexit-Party,,"RT @northernsoul78: Nancy Pelosi: Donald Trump committed bribery 

Boris Johnson: Hold my claret!

- Tories accused of bribing Brexit Party…",Mon Nov 18 07:28:54 +0000 2019
cardiff,Brexit-Party,,"Yes 👍

My own sentiments on Corbyn are immaterial. His Party's position, Labour's position, on Brexit is the just o… https://t.co/jPjZhH7qG8",Mon Nov 18 07:23:44 +0000 2019
cardiff,Brexit-Party,,"RT @northernsoul78: Nancy Pelosi: Donald Trump committed bribery 

Boris Johnson: Hold my claret!

- Tories accused of bribing Brexit Party…",Mon Nov 18 07:22:25 +0000 2019
cardiff,Brexit-Party,,RT @joseph_carterUK: Labour fell apart tonight and @DoddsJane was on fire. It’s clear that the Tories and Brexit party are one of the same…,Mon Nov 18 07:08:53 +0000 2019
cardiff,Brexit-Party,,RT @DafyddTrystan: @ITVWales @adrianmasters84 Seens rather odd to include Brexit Party but not Greens - both @Amelia_Womack and @as_penarth…,Mon Nov 18 06:55:32 +0000 2019
cardiff,Brexit-Party,,"Something profound is happening in Labour’s heartlands. Support for the party has halved in 2019 alone, but polls s… https://t.co/HF1O1EkQvI",Mon Nov 18 06:38:39 +0000 2019
cardiff,Brexit-Party,,"@missma678 But Labour is a Leave party--

--with enough rebel Labour MPs in relatively safe seats to get a Tory… https://t.co/yMow4MyfOi",Mon Nov 18 02:07:12 +0000 2019
cardiff,Brexit-Party,,#BBN - Breaking Brexit News https://t.co/LNBicrwHFV,Mon Nov 18 01:48:16 +0000 2019
cardiff,Brexit-Party,,"RT @Jaz4Caerphilly: #ITVWalesDebate

Not covering the Brexit Party contribution

It's content didn't seem appropriate for a Sunday

Or a Sa…",Mon Nov 18 00:01:53 +0000 2019
